0 , 1 , 0
0 , 1 , 0
0.001 , 0.899805 , 0.0999929
0.002 , 0.799332 , 0.199949
0.003 , 0.698725 , 0.299843
0.004 , 0.598115 , 0.39966
0.005 , 0.497612 , 0.499399
0.006 , 0.397293 , 0.599066
0.007 , 0.297199 , 0.698676
0.008 , 0.19734 , 0.798247
0.009 , 0.0976965 , 0.8978
0.01 , -0.0017664 , 0.997353
0.011 , -0.101094 , 1.09692
0.012 , -0.200331 , 1.19652
0.013 , -0.299519 , 1.29616
0.014 , -0.398689 , 1.39585
0.015 , -0.49786 , 1.4956
0.016 , -0.597046 , 1.5954
0.017 , -0.696249 , 1.69527
0.018 , -0.795471 , 1.79521
0.019 , -0.894709 , 1.89522
0.02 , -0.993965 , 1.99531
0.021 , -1.09324 , 2.09549
0.022 , -1.19254 , 2.19577
0.023 , -1.29188 , 2.29614
0.024 , -1.39126 , 2.39662
0.025 , -1.4907 , 2.49721
0.026 , -1.5902 , 2.59793
0.027 , -1.68977 , 2.69876
0.028 , -1.78942 , 2.79973
0.029 , -1.88915 , 2.90082
0.03 , -1.98894 , 3.00206
0.031 , -2.0888 , 3.10345
0.032 , -2.18872 , 3.205
0.033 , -2.2887 , 3.30671
0.034 , -2.38872 , 3.4086
0.035 , -2.48879 , 3.51069
0.036 , -2.58891 , 3.61299
0.037 , -2.68908 , 3.71551
0.038 , -2.78932 , 3.81828
0.039 , -2.88963 , 3.92131
0.04 , -2.99002 , 4.02462
0.041 , -3.09051 , 4.12824
0.042 , -3.19111 , 4.23218
0.043 , -3.29183 , 4.33646
0.044 , -3.3927 , 4.44111
0.045 , -3.49372 , 4.54615
0.046 , -3.59491 , 4.65161
0.047 , -3.69628 , 4.7575
0.048 , -3.79785 , 4.86386
0.049 , -3.89964 , 4.97071
0.05 , -4.00166 , 5.07808
0.051 , -4.10393 , 5.18601
0.052 , -4.20647 , 5.29451
0.053 , -4.3093 , 5.40362
0.054 , -4.41246 , 5.51338
0.055 , -4.51595 , 5.62382
0.056 , -4.61982 , 5.73497
0.057 , -4.72408 , 5.84686
0.058 , -4.82878 , 5.95954
0.059 , -4.93394 , 6.07303
0.06 , -5.0396 , 6.18737
0.061 , -5.14579 , 6.30259
0.062 , -5.25256 , 6.41874
0.063 , -5.35995 , 6.53584
0.064 , -5.468 , 6.65393
0.065 , -5.57677 , 6.77304
0.066 , -5.68631 , 6.89319
0.067 , -5.79667 , 7.01442
0.068 , -5.90791 , 7.13675
0.069 , -6.0201 , 7.2602
0.07 , -6.13331 , 7.38477
0.071 , -6.2476 , 7.51049
0.072 , -6.36306 , 7.63735
0.073 , -6.47976 , 7.76535
0.074 , -6.59779 , 7.89446
0.075 , -6.71724 , 8.02467
0.076 , -6.83821 , 8.15593
0.077 , -6.96079 , 8.2882
0.078 , -7.08509 , 8.42139
0.079 , -7.21122 , 8.55542
0.08 , -7.3393 , 8.69019
0.081 , -7.46946 , 8.82555
0.082 , -7.60181 , 8.96135
0.083 , -7.73649 , 9.09739
0.084 , -7.87365 , 9.23345
0.085 , -8.01343 , 9.36925
0.086 , -8.15599 , 9.5045
0.087 , -8.30147 , 9.63883
0.088 , -8.45006 , 9.77182
0.089 , -8.60191 , 9.90301
0.09 , -8.75721 , 10.0319
0.091 , -8.91613 , 10.1577
0.092 , -9.07886 , 10.2799
0.093 , -9.2456 , 10.3977
0.094 , -9.41653 , 10.51
0.095 , -9.59186 , 10.616
0.096 , -9.77179 , 10.7144
0.097 , -9.95651 , 10.8041
0.098 , -10.1462 , 10.8834
0.099 , -10.3412 , 10.9509
0.1 , -10.5415 , 11.0048
0.101 , -10.7474 , 11.0429
0.102 , -10.9591 , 11.0631
0.103 , -11.1768 , 11.0628
0.104 , -11.4006 , 11.0393
0.105 , -11.6307 , 10.9894
0.106 , -11.8672 , 10.9098
0.107 , -12.1103 , 10.7966
0.108 , -12.36 , 10.6456
0.109 , -12.6163 , 10.4521
0.11 , -12.8794 , 10.2109
0.111 , -13.1491 , 9.9164
0.112 , -13.4255 , 9.56218
0.113 , -13.7083 , 9.1413
0.114 , -13.9975 , 8.64609
0.115 , -14.2927 , 8.06807
0.116 , -14.5935 , 7.39791
0.117 , -14.8996 , 6.62536
0.118 , -15.2104 , 5.73912
0.119 , -15.5252 , 4.72678
0.12 , -15.8431 , 3.57469
0.121 , -16.1633 , 2.26786
0.122 , -16.4845 , 0.789864
0.123 , -16.8054 , -0.877359
0.124 , -17.1245 , -2.7536
0.125 , -17.4399 , -4.86055
0.126 , -17.7496 , -7.22198
0.127 , -18.0512 , -9.86394
0.128 , -18.3418 , -12.8149
0.129 , -18.6186 , -16.1062
0.13 , -18.8778 , -19.7718
0.131 , -19.1156 , -23.8491
0.132 , -19.3274 , -28.3789
0.133 , -19.5083 , -33.4059
0.134 , -19.6525 , -38.9787
0.135 , -19.7537 , -45.1506
0.136 , -19.8047 , -51.9798
0.137 , -19.7977 , -59.5296
0.138 , -19.7237 , -67.8693
0.139 , -19.5728 , -77.0745
0.14 , -19.3342 , -87.2274
0.141 , -18.9955 , -98.418
0.142 , -18.5433 , -110.744
0.143 , -17.9625 , -124.313
0.144 , -17.2365 , -139.24
0.145 , -16.3468 , -155.652
0.146 , -15.2733 , -173.687
0.147 , -13.9933 , -193.496
0.148 , -12.4822 , -215.242
0.149 , -10.7125 , -239.103
0.15 , -8.65429 , -265.272
0.151 , -6.27434 , -293.961
0.152 , -3.5362 , -325.399
0.153 , -0.399775 , -359.835
0.154 , 3.17899 , -397.54
0.155 , 7.2485 , -438.81
0.156 , 11.8619 , -483.964
0.157 , 17.0774 , -533.351
0.158 , 22.959 , -587.35
0.159 , 29.5767 , -646.372
0.16 , 37.0074 , -710.865
0.161 , 45.3351 , -781.312
0.162 , 54.652 , -858.243
0.163 , 65.0586 , -942.229
0.164 , 76.6655 , -1033.89
0.165 , 89.593 , -1133.91
0.166 , 103.973 , -1243.01
0.167 , 119.95 , -1361.99
0.168 , 137.681 , -1491.72
0.169 , 157.338 , -1633.12
0.17 , 179.11 , -1787.23
0.171 , 203.201 , -1955.13
0.172 , 229.835 , -2138.03
0.173 , 259.258 , -2337.22
0.174 , 291.736 , -2554.11
0.175 , 327.561 , -2790.22
0.176 , 367.051 , -3047.22
0.177 , 410.552 , -3326.88
0.178 , 458.443 , -3631.15
0.179 , 511.136 , -3962.15
0.18 , 569.083 , -4322.15
0.181 , 632.773 , -4713.62
0.182 , 702.743 , -5139.25
0.183 , 779.575 , -5601.93
0.184 , 863.907 , -6104.81
0.185 , 956.433 , -6651.29
0.186 , 1057.91 , -7245.05
0.187 , 1169.16 , -7890.1
0.188 , 1291.09 , -8590.74
0.189 , 1424.68 , -9351.65
0.19 , 1570.99 , -10177.9
0.191 , 1731.19 , -11074.9
0.192 , 1906.57 , -12048.7
0.193 , 2098.49 , -13105.6
0.194 , 2308.48 , -14252.5
0.195 , 2538.19 , -15497
0.196 , 2789.41 , -16847.1
0.197 , 3064.12 , -18311.5
0.198 , 3364.45 , -19899.8
0.199 , 3692.73 , -21622.1
0.2 , 4051.52 , -23489.5
0.201 , 4443.61 , -25513.8
0.202 , 4872.01 , -27708
0.203 , 5340.06 , -30085.8
0.204 , 5851.36 , -32662.3
0.205 , 6409.86 , -35453.6
0.206 , 7019.88 , -38477.1
0.207 , 7686.11 , -41751.5
0.208 , 8413.7 , -45297.2
0.209 , 9208.25 , -49135.8
0.21 , 10075.9 , -53290.8
0.211 , 11023.3 , -57787.5
0.212 , 12057.9 , -62653
0.213 , 13187.5 , -67916.6
0.214 , 14420.9 , -73609.7
0.215 , 15767.7 , -79766
0.216 , 17238.2 , -86421.9
0.217 , 18843.9 , -93616.2
0.218 , 20597.2 , -101391
0.219 , 22511.7 , -109790
0.22 , 24602.3 , -118863
0.221 , 26885.3 , -128660
0.222 , 29378.4 , -139237
0.223 , 32101.1 , -150652
0.224 , 35074.6 , -162969
0.225 , 38322.1 , -176254
0.226 , 41869.2 , -190580
0.227 , 45743.5 , -206023
0.228 , 49975.5 , -222664
0.229 , 54598.4 , -240590
0.23 , 59648.6 , -259894
0.231 , 65165.9 , -280673
0.232 , 71193.6 , -303031
0.233 , 77779.5 , -327078
0.234 , 84975.4 , -352930
0.235 , 92838.3 , -380711
0.236 , 101430 , -410549
0.237 , 110819 , -442581
0.238 , 121080 , -476951
0.239 , 132294 , -513807
0.24 , 144549 , -553306
0.241 , 157943 , -595614
0.242 , 172582 , -640898
0.243 , 188583 , -689337
0.244 , 206071 , -741111
0.245 , 225187 , -796408
0.246 , 246080 , -855420
0.247 , 268917 , -918341
0.248 , 293879 , -985371
0.249 , 321163 , -1.05671e+06
0.25 , 350984 , -1.13254e+06
0.251 , 383577 , -1.21308e+06
0.252 , 419201 , -1.29851e+06
0.253 , 458135 , -1.389e+06
0.254 , 500684 , -1.48474e+06
0.255 , 547184 , -1.58586e+06
0.256 , 597997 , -1.69251e+06
0.257 , 653520 , -1.80479e+06
0.258 , 714187 , -1.92279e+06
0.259 , 780468 , -2.04652e+06
0.26 , 852878 , -2.17598e+06
0.261 , 931975 , -2.31111e+06
0.262 , 1.01837e+06 , -2.45175e+06
0.263 , 1.11272e+06 , -2.59769e+06
0.264 , 1.21576e+06 , -2.74862e+06
0.265 , 1.32826e+06 , -2.9041e+06
0.266 , 1.45108e+06 , -3.06358e+06
0.267 , 1.58515e+06 , -3.22634e+06
0.268 , 1.73148e+06 , -3.39149e+06
0.269 , 1.89116e+06 , -3.55794e+06
0.27 , 2.06538e+06 , -3.72436e+06
0.271 , 2.25544e+06 , -3.88915e+06
0.272 , 2.46272e+06 , -4.05041e+06
0.273 , 2.68876e+06 , -4.20587e+06
0.274 , 2.9352e+06 , -4.35287e+06
0.275 , 3.20383e+06 , -4.48828e+06
0.276 , 3.49656e+06 , -4.60846e+06
0.277 , 3.81551e+06 , -4.70914e+06
0.278 , 4.16291e+06 , -4.78542e+06
0.279 , 4.54123e+06 , -4.83161e+06
0.28 , 4.95311e+06 , -4.84116e+06
0.281 , 5.40139e+06 , -4.80654e+06
0.282 , 5.88915e+06 , -4.71912e+06
0.283 , 6.41972e+06 , -4.56903e+06
0.284 , 6.99667e+06 , -4.34498e+06
0.285 , 7.62385e+06 , -4.03413e+06
0.286 , 8.30542e+06 , -3.62184e+06
0.287 , 9.04583e+06 , -3.09152e+06
0.288 , 9.84987e+06 , -2.42431e+06
0.289 , 1.07227e+07 , -1.59885e+06
0.29 , 1.16698e+07 , -590993
0.291 , 1.26971e+07 , 626561
0.292 , 1.38109e+07 , 2.08463e+06
0.293 , 1.5018e+07 , 3.81794e+06
0.294 , 1.63256e+07 , 5.86563e+06
0.295 , 1.77415e+07 , 8.27173e+06
0.296 , 1.92737e+07 , 1.10857e+07
0.297 , 2.09312e+07 , 1.43632e+07
0.298 , 2.2723e+07 , 1.81666e+07
0.299 , 2.46592e+07 , 2.25658e+07
0.3 , 2.675e+07 , 2.76392e+07
0.301 , 2.90067e+07 , 3.34745e+07
0.302 , 3.14406e+07 , 4.017e+07
0.303 , 3.40642e+07 , 4.78353e+07
0.304 , 3.68903e+07 , 5.6593e+07
0.305 , 3.99324e+07 , 6.65801e+07
0.306 , 4.32045e+07 , 7.79492e+07
0.307 , 4.67214e+07 , 9.08707e+07
0.308 , 5.04982e+07 , 1.05534e+08
0.309 , 5.45508e+07 , 1.22151e+08
0.31 , 5.88954e+07 , 1.40957e+08
0.311 , 6.35487e+07 , 1.62214e+08
0.312 , 6.85277e+07 , 1.86212e+08
0.313 , 7.38494e+07 , 2.13275e+08
0.314 , 7.95314e+07 , 2.43763e+08
0.315 , 8.55907e+07 , 2.78074e+08
0.316 , 9.20443e+07 , 3.16651e+08
0.317 , 9.89089e+07 , 3.59985e+08
0.318 , 1.062e+08 , 4.08621e+08
0.319 , 1.13933e+08 , 4.63161e+08
0.32 , 1.2212e+08 , 5.24274e+08
0.321 , 1.30773e+08 , 5.92699e+08
0.322 , 1.39901e+08 , 6.69254e+08
0.323 , 1.49511e+08 , 7.54847e+08
0.324 , 1.59605e+08 , 8.50476e+08
0.325 , 1.70181e+08 , 9.5725e+08
0.326 , 1.81232e+08 , 1.07639e+09
0.327 , 1.92746e+08 , 1.20925e+09
0.328 , 2.04701e+08 , 1.35731e+09
0.329 , 2.17069e+08 , 1.52222e+09
0.33 , 2.2981e+08 , 1.7058e+09
0.331 , 2.42872e+08 , 1.91005e+09
0.332 , 2.56191e+08 , 2.13716e+09
0.333 , 2.69686e+08 , 2.38956e+09
0.334 , 2.83256e+08 , 2.66994e+09
0.335 , 2.96782e+08 , 2.98123e+09
0.336 , 3.10118e+08 , 3.32668e+09
0.337 , 3.2309e+08 , 3.70983e+09
0.338 , 3.35495e+08 , 4.13463e+09
0.339 , 3.47089e+08 , 4.60536e+09
0.34 , 3.5759e+08 , 5.12677e+09
0.341 , 3.66668e+08 , 5.70405e+09
0.342 , 3.73937e+08 , 6.3429e+09
0.343 , 3.78954e+08 , 7.0496e+09
0.344 , 3.81204e+08 , 7.83101e+09
0.345 , 3.80096e+08 , 8.69467e+09
0.346 , 3.7495e+08 , 9.64885e+09
0.347 , 3.64988e+08 , 1.07026e+10
0.348 , 3.4932e+08 , 1.18658e+10
0.349 , 3.26931e+08 , 1.31494e+10
0.35 , 2.96662e+08 , 1.45652e+10
0.351 , 2.572e+08 , 1.61263e+10
0.352 , 2.07051e+08 , 1.78469e+10
0.353 , 1.44523e+08 , 1.97425e+10
0.354 , 6.76993e+07 , 2.18302e+10
0.355 , -2.55845e+07 , 2.41286e+10
0.356 , -1.37774e+08 , 2.66579e+10
0.357 , -2.71625e+08 , 2.94403e+10
0.358 , -4.30245e+08 , 3.25e+10
0.359 , -6.17127e+08 , 3.58634e+10
0.36 , -8.36201e+08 , 3.95593e+10
0.361 , -1.09188e+09 , 4.3619e+10
0.362 , -1.3891e+09 , 4.80766e+10
0.363 , -1.73343e+09 , 5.29694e+10
0.364 , -2.13108e+09 , 5.83378e+10
0.365 , -2.58899e+09 , 6.4226e+10
0.366 , -3.11495e+09 , 7.06819e+10
0.367 , -3.71765e+09 , 7.77575e+10
0.368 , -4.40679e+09 , 8.55095e+10
0.369 , -5.1932e+09 , 9.39994e+10
0.37 , -6.08895e+09 , 1.03294e+11
0.371 , -7.1075e+09 , 1.13466e+11
0.372 , -8.26383e+09 , 1.24593e+11
0.373 , -9.57461e+09 , 1.36761e+11
0.374 , -1.10584e+10 , 1.50062e+11
0.375 , -1.27358e+10 , 1.64596e+11
0.376 , -1.46297e+10 , 1.80472e+11
0.377 , -1.67656e+10 , 1.97805e+11
0.378 , -1.91716e+10 , 2.16723e+11
0.379 , -2.18791e+10 , 2.37363e+11
0.38 , -2.49228e+10 , 2.59871e+11
0.381 , -2.83411e+10 , 2.84408e+11
0.382 , -3.21766e+10 , 3.11144e+11
0.383 , -3.64764e+10 , 3.40265e+11
0.384 , -4.12927e+10 , 3.7197e+11
0.385 , -4.6683e+10 , 4.06475e+11
0.386 , -5.27112e+10 , 4.44008e+11
0.387 , -5.94477e+10 , 4.8482e+11
0.388 , -6.69701e+10 , 5.29175e+11
0.389 , -7.53643e+10 , 5.77359e+11
0.39 , -8.47251e+10 , 6.29679e+11
0.391 , -9.51567e+10 , 6.86463e+11
0.392 , -1.06774e+11 , 7.48061e+11
0.393 , -1.19705e+11 , 8.1485e+11
0.394 , -1.34088e+11 , 8.87228e+11
0.395 , -1.50077e+11 , 9.65625e+11
0.396 , -1.67842e+11 , 1.05049e+12
0.397 , -1.87568e+11 , 1.14232e+12
0.398 , -2.09461e+11 , 1.24162e+12
0.399 , -2.33746e+11 , 1.34894e+12
0.4 , -2.60669e+11 , 1.46486e+12
0.401 , -2.90501e+11 , 1.58999e+12
0.402 , -3.23542e+11 , 1.72498e+12
0.403 , -3.60118e+11 , 1.87051e+12
0.404 , -4.00588e+11 , 2.0273e+12
0.405 , -4.45344e+11 , 2.19611e+12
0.406 , -4.94819e+11 , 2.37773e+12
0.407 , -5.49483e+11 , 2.57297e+12
0.408 , -6.09855e+11 , 2.78272e+12
0.409 , -6.765e+11 , 3.00785e+12
0.41 , -7.50038e+11 , 3.2493e+12
0.411 , -8.31146e+11 , 3.50803e+12
0.412 , -9.20565e+11 , 3.78501e+12
0.413 , -1.0191e+12 , 4.08125e+12
0.414 , -1.12765e+12 , 4.39778e+12
0.415 , -1.24716e+12 , 4.73563e+12
0.416 , -1.3787e+12 , 5.09582e+12
0.417 , -1.52341e+12 , 5.47939e+12
0.418 , -1.68255e+12 , 5.88735e+12
0.419 , -1.85749e+12 , 6.32067e+12
0.42 , -2.04971e+12 , 6.78029e+12
0.421 , -2.26084e+12 , 7.26706e+12
0.422 , -2.49264e+12 , 7.78177e+12
0.423 , -2.74704e+12 , 8.32509e+12
0.424 , -3.02612e+12 , 8.89753e+12
0.425 , -3.33217e+12 , 9.49946e+12
0.426 , -3.66764e+12 , 1.0131e+13
0.427 , -4.03522e+12 , 1.0792e+13
0.428 , -4.43784e+12 , 1.14822e+13
0.429 , -4.87863e+12 , 1.22006e+13
0.43 , -5.36104e+12 , 1.29461e+13
0.431 , -5.88877e+12 , 1.37169e+13
0.432 , -6.46586e+12 , 1.45108e+13
0.433 , -7.09665e+12 , 1.53248e+13
0.434 , -7.78587e+12 , 1.61551e+13
0.435 , -8.53862e+12 , 1.69969e+13
0.436 , -9.36042e+12 , 1.78446e+13
0.437 , -1.02572e+13 , 1.86912e+13
0.438 , -1.12354e+13 , 1.95284e+13
0.439 , -1.2302e+13 , 2.03462e+13
0.44 , -1.34645e+13 , 2.1133e+13
0.441 , -1.47308e+13 , 2.1875e+13
0.442 , -1.61098e+13 , 2.25561e+13
0.443 , -1.76107e+13 , 2.31575e+13
0.444 , -1.92436e+13 , 2.36577e+13
0.445 , -2.10193e+13 , 2.40314e+13
0.446 , -2.29493e+13 , 2.42498e+13
0.447 , -2.50462e+13 , 2.42796e+13
0.448 , -2.73231e+13 , 2.40829e+13
0.449 , -2.97945e+13 , 2.36161e+13
0.45 , -3.24754e+13 , 2.28296e+13
0.451 , -3.53823e+13 , 2.16669e+13
0.452 , -3.85326e+13 , 2.00638e+13
0.453 , -4.19447e+13 , 1.79473e+13
0.454 , -4.56385e+13 , 1.52351e+13
0.455 , -4.96349e+13 , 1.18336e+13
0.456 , -5.39564e+13 , 7.63753e+12
0.457 , -5.86265e+13 , 2.52782e+12
0.458 , -6.36705e+13 , -3.62955e+12
0.459 , -6.91148e+13 , -1.09854e+13
0.46 , -7.49875e+13 , -1.97094e+13
0.461 , -8.13181e+13 , -2.9992e+13
0.462 , -8.81377e+13 , -4.20467e+13
0.463 , -9.54789e+13 , -5.61132e+13
0.464 , -1.03376e+14 , -7.24596e+13
0.465 , -1.11864e+14 , -9.13859e+13
0.466 , -1.20981e+14 , -1.13228e+14
0.467 , -1.30765e+14 , -1.38359e+14
0.468 , -1.41255e+14 , -1.67199e+14
0.469 , -1.52494e+14 , -2.00214e+14
0.47 , -1.64523e+14 , -2.37924e+14
0.471 , -1.77385e+14 , -2.80907e+14
0.472 , -1.91125e+14 , -3.29809e+14
0.473 , -2.05785e+14 , -3.85345e+14
0.474 , -2.2141e+14 , -4.48314e+14
0.475 , -2.38044e+14 , -5.19601e+14
0.476 , -2.55729e+14 , -6.00188e+14
0.477 , -2.74507e+14 , -6.91167e+14
0.478 , -2.94417e+14 , -7.93747e+14
0.479 , -3.15495e+14 , -9.0927e+14
0.48 , -3.37772e+14 , -1.03922e+15
0.481 , -3.61276e+14 , -1.18524e+15
0.482 , -3.86028e+14 , -1.34916e+15
0.483 , -4.1204e+14 , -1.53299e+15
0.484 , -4.39316e+14 , -1.73895e+15
0.485 , -4.67848e+14 , -1.9695e+15
0.486 , -4.97614e+14 , -2.22737e+15
0.487 , -5.28578e+14 , -2.51555e+15
0.488 , -5.60682e+14 , -2.83735e+15
0.489 , -5.93847e+14 , -3.19643e+15
0.49 , -6.2797e+14 , -3.59681e+15
0.491 , -6.62915e+14 , -4.04294e+15
0.492 , -6.98513e+14 , -4.53969e+15
0.493 , -7.34555e+14 , -5.09246e+15
0.494 , -7.70784e+14 , -5.70716e+15
0.495 , -8.06893e+14 , -6.39033e+15
0.496 , -8.42512e+14 , -7.14911e+15
0.497 , -8.77203e+14 , -7.9914e+15
0.498 , -9.10449e+14 , -8.92585e+15
0.499 , -9.41644e+14 , -9.96198e+15
0.5 , -9.70079e+14 , -1.11102e+16
0.501 , -9.94932e+14 , -1.2382e+16
0.502 , -1.01525e+15 , -1.379e+16
0.503 , -1.02993e+15 , -1.53479e+16
0.504 , -1.03771e+15 , -1.70708e+16
0.505 , -1.03712e+15 , -1.89754e+16
0.506 , -1.02652e+15 , -2.10797e+16
0.507 , -1.00398e+15 , -2.34035e+16
0.508 , -9.67355e+14 , -2.59687e+16
0.509 , -9.14163e+14 , -2.8799e+16
0.51 , -8.41605e+14 , -3.19204e+16
0.511 , -7.46503e+14 , -3.53613e+16
0.512 , -6.25257e+14 , -3.91528e+16
0.513 , -4.738e+14 , -4.33287e+16
0.514 , -2.87539e+14 , -4.79262e+16
0.515 , -6.12953e+13 , -5.29855e+16
0.516 , 2.10763e+14 , -5.85509e+16
0.517 , 5.35197e+14 , -6.46703e+16
0.518 , 9.19378e+14 , -7.13961e+16
0.519 , 1.37158e+15 , -7.87854e+16
0.52 , 1.90108e+15 , -8.69005e+16
0.521 , 2.51828e+15 , -9.58088e+16
0.522 , 3.23482e+15 , -1.05584e+17
0.523 , 4.0637e+15 , -1.16306e+17
0.524 , 5.01947e+15 , -1.28063e+17
0.525 , 6.11838e+15 , -1.40948e+17
0.526 , 7.37854e+15 , -1.55064e+17
0.527 , 8.82015e+15 , -1.70524e+17
0.528 , 1.04657e+16 , -1.87447e+17
0.529 , 1.23403e+16 , -2.05966e+17
0.53 , 1.44718e+16 , -2.26222e+17
0.531 , 1.68912e+16 , -2.48369e+17
0.532 , 1.96329e+16 , -2.72575e+17
0.533 , 2.27353e+16 , -2.9902e+17
0.534 , 2.62407e+16 , -3.279e+17
0.535 , 3.01964e+16 , -3.59425e+17
0.536 , 3.46545e+16 , -3.93824e+17
0.537 , 3.96728e+16 , -4.31344e+17
0.538 , 4.53156e+16 , -4.72251e+17
0.539 , 5.16537e+16 , -5.16831e+17
0.54 , 5.87656e+16 , -5.65393e+17
0.541 , 6.67381e+16 , -6.18271e+17
0.542 , 7.56672e+16 , -6.75824e+17
0.543 , 8.56588e+16 , -7.38436e+17
0.544 , 9.683e+16 , -8.06522e+17
0.545 , 1.0931e+17 , -8.80528e+17
0.546 , 1.23241e+17 , -9.60931e+17
0.547 , 1.3878e+17 , -1.04824e+18
0.548 , 1.56101e+17 , -1.14301e+18
0.549 , 1.75394e+17 , -1.24583e+18
0.55 , 1.96869e+17 , -1.35732e+18
0.551 , 2.20758e+17 , -1.47815e+18
0.552 , 2.47315e+17 , -1.60904e+18
0.553 , 2.7682e+17 , -1.75075e+18
0.554 , 3.0958e+17 , -1.90411e+18
0.555 , 3.45935e+17 , -2.06996e+18
0.556 , 3.86254e+17 , -2.24923e+18
0.557 , 4.30946e+17 , -2.44288e+18
0.558 , 4.80459e+17 , -2.65197e+18
0.559 , 5.35284e+17 , -2.87756e+18
0.56 , 5.95959e+17 , -3.12081e+18
0.561 , 6.63074e+17 , -3.38294e+18
0.562 , 7.37278e+17 , -3.66522e+18
0.563 , 8.19277e+17 , -3.96899e+18
0.564 , 9.09849e+17 , -4.29564e+18
0.565 , 1.00984e+18 , -4.64665e+18
0.566 , 1.12019e+18 , -5.02352e+18
0.567 , 1.2419e+18 , -5.42785e+18
0.568 , 1.37609e+18 , -5.86127e+18
0.569 , 1.52397e+18 , -6.32546e+18
0.57 , 1.68687e+18 , -6.82215e+18
0.571 , 1.86624e+18 , -7.3531e+18
0.572 , 2.06365e+18 , -7.92012e+18
0.573 , 2.28083e+18 , -8.525e+18
0.574 , 2.51966e+18 , -9.16955e+18
0.575 , 2.78219e+18 , -9.85557e+18
0.576 , 3.07065e+18 , -1.05848e+19
0.577 , 3.38748e+18 , -1.1359e+19
0.578 , 3.73531e+18 , -1.21796e+19
0.579 , 4.11703e+18 , -1.30483e+19
0.58 , 4.53578e+18 , -1.39663e+19
0.581 , 4.99495e+18 , -1.49347e+19
0.582 , 5.49826e+18 , -1.59545e+19
0.583 , 6.04972e+18 , -1.70261e+19
0.584 , 6.65369e+18 , -1.81497e+19
0.585 , 7.31492e+18 , -1.93251e+19
0.586 , 8.03853e+18 , -2.05514e+19
0.587 , 8.83011e+18 , -2.18271e+19
0.588 , 9.69568e+18 , -2.31499e+19
0.589 , 1.06418e+19 , -2.45167e+19
0.59 , 1.16755e+19 , -2.59233e+19
0.591 , 1.28044e+19 , -2.73642e+19
0.592 , 1.40369e+19 , -2.88327e+19
0.593 , 1.53819e+19 , -3.03203e+19
0.594 , 1.68489e+19 , -3.18166e+19
0.595 , 1.84486e+19 , -3.33093e+19
0.596 , 2.0192e+19 , -3.47834e+19
0.597 , 2.20913e+19 , -3.62212e+19
0.598 , 2.41595e+19 , -3.76019e+19
0.599 , 2.64108e+19 , -3.89009e+19
0.6 , 2.88602e+19 , -4.00896e+19
0.601 , 3.15239e+19 , -4.11348e+19
0.602 , 3.44195e+19 , -4.1998e+19
0.603 , 3.75656e+19 , -4.26346e+19
0.604 , 4.09823e+19 , -4.29936e+19
0.605 , 4.46912e+19 , -4.3016e+19
0.606 , 4.87152e+19 , -4.26346e+19
0.607 , 5.30791e+19 , -4.17725e+19
0.608 , 5.78091e+19 , -4.03421e+19
0.609 , 6.29334e+19 , -3.82437e+19
0.61 , 6.84818e+19 , -3.53641e+19
0.611 , 7.44863e+19 , -3.15747e+19
0.612 , 8.09809e+19 , -2.67303e+19
0.613 , 8.80015e+19 , -2.06665e+19
0.614 , 9.55863e+19 , -1.31978e+19
0.615 , 1.03776e+20 , -4.1149e+18
0.616 , 1.12613e+20 , 6.81763e+18
0.617 , 1.22143e+20 , 1.98648e+19
0.618 , 1.32414e+20 , 3.53243e+19
0.619 , 1.43475e+20 , 5.35302e+19
0.62 , 1.5538e+20 , 7.48574e+19
0.621 , 1.68183e+20 , 9.97255e+19
0.622 , 1.81942e+20 , 1.28604e+20
0.623 , 1.96716e+20 , 1.6202e+20
0.624 , 2.12569e+20 , 2.00558e+20
0.625 , 2.29565e+20 , 2.44876e+20
0.626 , 2.47769e+20 , 2.95703e+20
0.627 , 2.67251e+20 , 3.53857e+20
0.628 , 2.8808e+20 , 4.20244e+20
0.629 , 3.10327e+20 , 4.95877e+20
0.63 , 3.34063e+20 , 5.8188e+20
0.631 , 3.5936e+20 , 6.79504e+20
0.632 , 3.86289e+20 , 7.9014e+20
0.633 , 4.1492e+20 , 9.15331e+20
0.634 , 4.4532e+20 , 1.05679e+21
0.635 , 4.77553e+20 , 1.21642e+21
0.636 , 5.11678e+20 , 1.39632e+21
0.637 , 5.4775e+20 , 1.59884e+21
0.638 , 5.85813e+20 , 1.82655e+21
0.639 , 6.25904e+20 , 2.08231e+21
0.64 , 6.68046e+20 , 2.3693e+21
0.641 , 7.12247e+20 , 2.69101e+21
0.642 , 7.58498e+20 , 3.0513e+21
0.643 , 8.0677e+20 , 3.45446e+21
0.644 , 8.57007e+20 , 3.9052e+21
0.645 , 9.09123e+20 , 4.40872e+21
0.646 , 9.62998e+20 , 4.97078e+21
0.647 , 1.01847e+21 , 5.59769e+21
0.648 , 1.07534e+21 , 6.29645e+21
0.649 , 1.13333e+21 , 7.07474e+21
0.65 , 1.19212e+21 , 7.94102e+21
0.651 , 1.25132e+21 , 8.90462e+21
0.652 , 1.31044e+21 , 9.97579e+21
0.653 , 1.3689e+21 , 1.11658e+22
0.654 , 1.42602e+21 , 1.24871e+22
0.655 , 1.48099e+21 , 1.39532e+22
0.656 , 1.53286e+21 , 1.55791e+22
0.657 , 1.58051e+21 , 1.73813e+22
0.658 , 1.62266e+21 , 1.93778e+22
0.659 , 1.6578e+21 , 2.15883e+22
0.66 , 1.6842e+21 , 2.40345e+22
0.661 , 1.69987e+21 , 2.67403e+22
0.662 , 1.70252e+21 , 2.97316e+22
0.663 , 1.68954e+21 , 3.30371e+22
0.664 , 1.65792e+21 , 3.66879e+22
0.665 , 1.60424e+21 , 4.07181e+22
0.666 , 1.52462e+21 , 4.51654e+22
0.667 , 1.41465e+21 , 5.00704e+22
0.668 , 1.2693e+21 , 5.54779e+22
0.669 , 1.08292e+21 , 6.14368e+22
0.67 , 8.49076e+20 , 6.80004e+22
0.671 , 5.60531e+20 , 7.5227e+22
0.672 , 2.09117e+20 , 8.31801e+22
0.673 , -2.14368e+20 , 9.19289e+22
0.674 , -7.20277e+20 , 1.01549e+23
0.675 , -1.32024e+21 , 1.12123e+23
0.676 , -2.02732e+21 , 1.23741e+23
0.677 , -2.85617e+21 , 1.365e+23
0.678 , -3.82319e+21 , 1.50507e+23
0.679 , -4.94677e+21 , 1.65877e+23
0.68 , -6.24744e+21 , 1.82737e+23
0.681 , -7.74818e+21 , 2.01222e+23
0.682 , -9.47464e+21 , 2.21483e+23
0.683 , -1.14554e+22 , 2.4368e+23
0.684 , -1.37225e+22 , 2.67989e+23
0.685 , -1.63113e+22 , 2.94599e+23
0.686 , -1.92616e+22 , 3.23718e+23
0.687 , -2.26173e+22 , 3.55568e+23
0.688 , -2.64275e+22 , 3.90392e+23
0.689 , -3.07465e+22 , 4.28452e+23
0.69 , -3.56349e+22 , 4.70031e+23
0.691 , -4.11598e+22 , 5.15437e+23
0.692 , -4.73957e+22 , 5.65002e+23
0.693 , -5.44251e+22 , 6.19083e+23
0.694 , -6.23396e+22 , 6.78067e+23
0.695 , -7.12404e+22 , 7.42373e+23
0.696 , -8.12397e+22 , 8.12449e+23
0.697 , -9.24617e+22 , 8.88782e+23
0.698 , -1.05044e+23 , 9.71894e+23
0.699 , -1.19137e+23 , 1.06235e+24
0.7 , -1.3491e+23 , 1.16074e+24
0.701 , -1.52548e+23 , 1.26774e+24
0.702 , -1.72254e+23 , 1.38402e+24
0.703 , -1.94254e+23 , 1.51035e+24
0.704 , -2.18797e+23 , 1.64752e+24
0.705 , -2.46156e+23 , 1.79639e+24
0.706 , -2.76634e+23 , 1.95788e+24
0.707 , -3.10564e+23 , 2.13298e+24
0.708 , -3.4831e+23 , 2.32273e+24
0.709 , -3.90277e+23 , 2.52825e+24
0.71 , -4.36906e+23 , 2.75073e+24
0.711 , -4.88685e+23 , 2.99145e+24
0.712 , -5.4615e+23 , 3.25175e+24
0.713 , -6.09888e+23 , 3.53306e+24
0.714 , -6.80545e+23 , 3.8369e+24
0.715 , -7.58831e+23 , 4.16488e+24
0.716 , -8.45522e+23 , 4.51869e+24
0.717 , -9.41471e+23 , 4.90013e+24
0.718 , -1.04761e+24 , 5.31107e+24
0.719 , -1.16498e+24 , 5.75349e+24
0.72 , -1.29468e+24 , 6.22948e+24
0.721 , -1.43796e+24 , 6.74119e+24
0.722 , -1.59615e+24 , 7.29089e+24
0.723 , -1.77073e+24 , 7.88094e+24
0.724 , -1.96331e+24 , 8.51376e+24
0.725 , -2.17564e+24 , 9.19188e+24
0.726 , -2.40967e+24 , 9.91788e+24
0.727 , -2.66747e+24 , 1.06944e+25
0.728 , -2.95136e+24 , 1.15242e+25
0.729 , -3.26383e+24 , 1.24099e+25
0.73 , -3.60762e+24 , 1.33543e+25
0.731 , -3.98571e+24 , 1.43601e+25
0.732 , -4.40134e+24 , 1.54301e+25
0.733 , -4.85806e+24 , 1.65667e+25
0.734 , -5.35972e+24 , 1.77726e+25
0.735 , -5.91052e+24 , 1.90501e+25
0.736 , -6.51503e+24 , 2.04012e+25
0.737 , -7.17821e+24 , 2.18279e+25
0.738 , -7.90547e+24 , 2.33316e+25
0.739 , -8.70268e+24 , 2.49133e+25
0.74 , -9.57622e+24 , 2.65738e+25
0.741 , -1.0533e+25 , 2.83127e+25
0.742 , -1.15806e+25 , 3.01293e+25
0.743 , -1.2727e+25 , 3.20217e+25
0.744 , -1.39813e+25 , 3.3987e+25
0.745 , -1.53528e+25 , 3.60212e+25
0.746 , -1.68521e+25 , 3.81186e+25
0.747 , -1.84902e+25 , 4.02718e+25
0.748 , -2.02794e+25 , 4.24714e+25
0.749 , -2.22329e+25 , 4.47058e+25
0.75 , -2.43647e+25 , 4.69608e+25
0.751 , -2.66902e+25 , 4.92187e+25
0.752 , -2.92259e+25 , 5.14589e+25
0.753 , -3.19897e+25 , 5.36563e+25
0.754 , -3.50008e+25 , 5.57816e+25
0.755 , -3.82799e+25 , 5.78e+25
0.756 , -4.18493e+25 , 5.9671e+25
0.757 , -4.5733e+25 , 6.13474e+25
0.758 , -4.99568e+25 , 6.27743e+25
0.759 , -5.45484e+25 , 6.38882e+25
0.76 , -5.95374e+25 , 6.46161e+25
0.761 , -6.49558e+25 , 6.4874e+25
0.762 , -7.08376e+25 , 6.45655e+25
0.763 , -7.72195e+25 , 6.35804e+25
0.764 , -8.41405e+25 , 6.1793e+25
0.765 , -9.16423e+25 , 5.90601e+25
0.766 , -9.97695e+25 , 5.52189e+25
0.767 , -1.0857e+26 , 5.00845e+25
0.768 , -1.18093e+26 , 4.34477e+25
0.769 , -1.28394e+26 , 3.50716e+25
0.77 , -1.39529e+26 , 2.46886e+25
0.771 , -1.5156e+26 , 1.19968e+25
0.772 , -1.64549e+26 , -3.34409e+24
0.773 , -1.78565e+26 , -2.1717e+25
0.774 , -1.9368e+26 , -4.35524e+25
0.775 , -2.09968e+26 , -6.93339e+25
0.776 , -2.2751e+26 , -9.96041e+25
0.777 , -2.46389e+26 , -1.34971e+26
0.778 , -2.6669e+26 , -1.76116e+26
0.779 , -2.88506e+26 , -2.23801e+26
0.78 , -3.11932e+26 , -2.78877e+26
0.781 , -3.37064e+26 , -3.42297e+26
0.782 , -3.64005e+26 , -4.15123e+26
0.783 , -3.9286e+26 , -4.98539e+26
0.784 , -4.23735e+26 , -5.93866e+26
0.785 , -4.5674e+26 , -7.02576e+26
0.786 , -4.91986e+26 , -8.26304e+26
0.787 , -5.29585e+26 , -9.66873e+26
0.788 , -5.69648e+26 , -1.12631e+27
0.789 , -6.12286e+26 , -1.30685e+27
0.79 , -6.57607e+26 , -1.51101e+27
0.791 , -7.05715e+26 , -1.74155e+27
0.792 , -7.56707e+26 , -2.00154e+27
0.793 , -8.10676e+26 , -2.29439e+27
0.794 , -8.67699e+26 , -2.62387e+27
0.795 , -9.27845e+26 , -2.99417e+27
0.796 , -9.91163e+26 , -3.4099e+27
0.797 , -1.05768e+27 , -3.87617e+27
0.798 , -1.12741e+27 , -4.39865e+27
0.799 , -1.20033e+27 , -4.98357e+27
0.8 , -1.27636e+27 , -5.63784e+27
0.801 , -1.35543e+27 , -6.36907e+27
0.802 , -1.43737e+27 , -7.18568e+27
0.803 , -1.52197e+27 , -8.09692e+27
0.804 , -1.60897e+27 , -9.11303e+27
0.805 , -1.69802e+27 , -1.02453e+28
0.806 , -1.78866e+27 , -1.1506e+28
0.807 , -1.88037e+27 , -1.2909e+28
0.808 , -1.97246e+27 , -1.44691e+28
0.809 , -2.06415e+27 , -1.62031e+28
0.81 , -2.15447e+27 , -1.81289e+28
0.811 , -2.2423e+27 , -2.02667e+28
0.812 , -2.32629e+27 , -2.26384e+28
0.813 , -2.40488e+27 , -2.52681e+28
0.814 , -2.47623e+27 , -2.81822e+28
0.815 , -2.53822e+27 , -3.14099e+28
0.816 , -2.58838e+27 , -3.4983e+28
0.817 , -2.62387e+27 , -3.89363e+28
0.818 , -2.64142e+27 , -4.33083e+28
0.819 , -2.63727e+27 , -4.81409e+28
0.82 , -2.60712e+27 , -5.348e+28
0.821 , -2.54606e+27 , -5.93759e+28
0.822 , -2.4485e+27 , -6.58835e+28
0.823 , -2.30806e+27 , -7.30632e+28
0.824 , -2.1175e+27 , -8.09807e+28
0.825 , -1.86864e+27 , -8.97079e+28
0.826 , -1.55217e+27 , -9.93234e+28
0.827 , -1.15761e+27 , -1.09913e+29
0.828 , -6.73088e+26 , -1.2157e+29
0.829 , -8.52562e+25 , -1.34397e+29
0.83 , 6.20942e+26 , -1.48505e+29
0.831 , 1.46244e+27 , -1.64016e+29
0.832 , 2.45826e+27 , -1.81062e+29
0.833 , 3.62976e+27 , -1.99787e+29
0.834 , 5.0009e+27 , -2.20348e+29
0.835 , 6.59851e+27 , -2.42916e+29
0.836 , 8.45263e+27 , -2.67676e+29
0.837 , 1.05969e+28 , -2.9483e+29
0.838 , 1.30688e+28 , -3.24599e+29
0.839 , 1.59103e+28 , -3.57219e+29
0.84 , 1.91682e+28 , -3.9295e+29
0.841 , 2.28948e+28 , -4.32073e+29
0.842 , 2.7148e+28 , -4.74891e+29
0.843 , 3.19928e+28 , -5.21736e+29
0.844 , 3.7501e+28 , -5.72964e+29
0.845 , 4.37529e+28 , -6.28963e+29
0.846 , 5.08375e+28 , -6.90151e+29
0.847 , 5.88538e+28 , -7.56982e+29
0.848 , 6.79114e+28 , -8.29946e+29
0.849 , 7.81323e+28 , -9.09573e+29
0.85 , 8.96515e+28 , -9.96432e+29
0.851 , 1.02619e+29 , -1.09114e+30
0.852 , 1.172e+29 , -1.19437e+30
0.853 , 1.33578e+29 , -1.30682e+30
0.854 , 1.51958e+29 , -1.42928e+30
0.855 , 1.72562e+29 , -1.56257e+30
0.856 , 1.9564e+29 , -1.70759e+30
0.857 , 2.21466e+29 , -1.8653e+30
0.858 , 2.50343e+29 , -2.03671e+30
0.859 , 2.82606e+29 , -2.22295e+30
0.86 , 3.18624e+29 , -2.42519e+30
0.861 , 3.58804e+29 , -2.6447e+30
0.862 , 4.03594e+29 , -2.88284e+30
0.863 , 4.5349e+29 , -3.14105e+30
0.864 , 5.09037e+29 , -3.42088e+30
0.865 , 5.70833e+29 , -3.72399e+30
0.866 , 6.3954e+29 , -4.05212e+30
0.867 , 7.15884e+29 , -4.40714e+30
0.868 , 8.00662e+29 , -4.79105e+30
0.869 , 8.94753e+29 , -5.20594e+30
0.87 , 9.9912e+29 , -5.65405e+30
0.871 , 1.11482e+30 , -6.13774e+30
0.872 , 1.24303e+30 , -6.65949e+30
0.873 , 1.385e+30 , -7.22193e+30
0.874 , 1.54216e+30 , -7.82782e+30
0.875 , 1.71602e+30 , -8.48005e+30
0.876 , 1.90827e+30 , -9.18165e+30
0.877 , 2.12076e+30 , -9.9358e+30
0.878 , 2.35549e+30 , -1.07458e+31
0.879 , 2.61469e+30 , -1.1615e+31
0.88 , 2.90077e+30 , -1.2547e+31
0.881 , 3.21638e+30 , -1.35455e+31
0.882 , 3.5644e+30 , -1.46141e+31
0.883 , 3.948e+30 , -1.57567e+31
0.884 , 4.37063e+30 , -1.69772e+31
0.885 , 4.83607e+30 , -1.82793e+31
0.886 , 5.34842e+30 , -1.96671e+31
0.887 , 5.91219e+30 , -2.11443e+31
0.888 , 6.53227e+30 , -2.27148e+31
0.889 , 7.214e+30 , -2.4382e+31
0.89 , 7.96321e+30 , -2.61495e+31
0.891 , 8.78625e+30 , -2.80203e+31
0.892 , 9.69001e+30 , -2.99971e+31
0.893 , 1.0682e+31 , -3.20824e+31
0.894 , 1.17704e+31 , -3.42777e+31
0.895 , 1.29642e+31 , -3.6584e+31
0.896 , 1.42729e+31 , -3.90015e+31
0.897 , 1.57071e+31 , -4.15292e+31
0.898 , 1.72782e+31 , -4.4165e+31
0.899 , 1.89985e+31 , -4.69051e+31
0.9 , 2.08816e+31 , -4.97441e+31
0.901 , 2.29418e+31 , -5.26747e+31
0.902 , 2.51951e+31 , -5.5687e+31
0.903 , 2.76585e+31 , -5.87684e+31
0.904 , 3.03505e+31 , -6.19032e+31
0.905 , 3.32912e+31 , -6.50718e+31
0.906 , 3.65021e+31 , -6.82507e+31
0.907 , 4.00066e+31 , -7.14112e+31
0.908 , 4.38301e+31 , -7.45192e+31
0.909 , 4.79998e+31 , -7.75344e+31
0.91 , 5.25451e+31 , -8.04089e+31
0.911 , 5.74978e+31 , -8.3087e+31
0.912 , 6.2892e+31 , -8.55034e+31
0.913 , 6.87644e+31 , -8.75822e+31
0.914 , 7.51548e+31 , -8.92355e+31
0.915 , 8.21056e+31 , -9.03621e+31
0.916 , 8.96625e+31 , -9.08452e+31
0.917 , 9.78746e+31 , -9.0551e+31
0.918 , 1.06794e+32 , -8.9326e+31
0.919 , 1.16478e+32 , -8.6995e+31
0.92 , 1.26987e+32 , -8.33584e+31
0.921 , 1.38384e+32 , -7.81887e+31
0.922 , 1.5074e+32 , -7.12277e+31
0.923 , 1.64127e+32 , -6.21825e+31
0.924 , 1.78624e+32 , -5.07214e+31
0.925 , 1.94314e+32 , -3.64694e+31
0.926 , 2.11286e+32 , -1.90028e+31
0.927 , 2.29635e+32 , 2.15612e+30
0.928 , 2.49461e+32 , 2.75455e+31
0.929 , 2.70868e+32 , 5.77711e+31
0.93 , 2.9397e+32 , 9.35135e+31
0.931 , 3.18885e+32 , 1.35537e+32
0.932 , 3.45736e+32 , 1.847e+32
0.933 , 3.74655e+32 , 2.41963e+32
0.934 , 4.05779e+32 , 3.08403e+32
0.935 , 4.39251e+32 , 3.85224e+32
0.936 , 4.75221e+32 , 4.73772e+32
0.937 , 5.13846e+32 , 5.75551e+32
0.938 , 5.55285e+32 , 6.92241e+32
0.939 , 5.99708e+32 , 8.25715e+32
0.94 , 6.47284e+32 , 9.78059e+32
0.941 , 6.98192e+32 , 1.1516e+33
0.942 , 7.52609e+32 , 1.34893e+33
0.943 , 8.10718e+32 , 1.57292e+33
0.944 , 8.727e+32 , 1.82678e+33
0.945 , 9.3874e+32 , 2.11406e+33
0.946 , 1.00902e+33 , 2.43872e+33
0.947 , 1.0837e+33 , 2.80515e+33
0.948 , 1.16297e+33 , 3.2182e+33
0.949 , 1.24697e+33 , 3.68327e+33
0.95 , 1.33585e+33 , 4.20634e+33
0.951 , 1.42974e+33 , 4.79403e+33
0.952 , 1.52873e+33 , 5.45366e+33
0.953 , 1.63291e+33 , 6.19335e+33
0.954 , 1.7423e+33 , 7.02205e+33
0.955 , 1.85692e+33 , 7.94969e+33
0.956 , 1.9767e+33 , 8.98721e+33
0.957 , 2.10153e+33 , 1.01467e+34
0.958 , 2.23121e+33 , 1.14415e+34
0.959 , 2.3655e+33 , 1.28864e+34
0.96 , 2.504e+33 , 1.44976e+34
0.961 , 2.64624e+33 , 1.6293e+34
0.962 , 2.79161e+33 , 1.82923e+34
0.963 , 2.93933e+33 , 2.05174e+34
0.964 , 3.08845e+33 , 2.2992e+34
0.965 , 3.23782e+33 , 2.57426e+34
0.966 , 3.38605e+33 , 2.87982e+34
0.967 , 3.5315e+33 , 3.21906e+34
0.968 , 3.67219e+33 , 3.59549e+34
0.969 , 3.80583e+33 , 4.01295e+34
0.97 , 3.92972e+33 , 4.47567e+34
0.971 , 4.04069e+33 , 4.9883e+34
0.972 , 4.13508e+33 , 5.55592e+34
0.973 , 4.20867e+33 , 6.18413e+34
0.974 , 4.25655e+33 , 6.87906e+34
0.975 , 4.27312e+33 , 7.64741e+34
0.976 , 4.2519e+33 , 8.49657e+34
0.977 , 4.18552e+33 , 9.43458e+34
0.978 , 4.06554e+33 , 1.04703e+35
0.979 , 3.88235e+33 , 1.16133e+35
0.98 , 3.625e+33 , 1.28743e+35
0.981 , 3.28107e+33 , 1.42647e+35
0.982 , 2.83647e+33 , 1.57972e+35
0.983 , 2.27525e+33 , 1.74857e+35
0.984 , 1.57937e+33 , 1.93451e+35
0.985 , 7.28477e+32 , 2.1392e+35
0.986 , -3.00405e+32 , 2.36443e+35
0.987 , -1.53314e+33 , 2.61217e+35
0.988 , -2.99884e+33 , 2.88454e+35
0.989 , -4.73021e+33 , 3.18389e+35
0.99 , -6.76398e+33 , 3.51274e+35
0.991 , -9.14137e+33 , 3.87387e+35
0.992 , -1.19086e+34 , 4.27028e+35
0.993 , -1.51172e+34 , 4.70524e+35
0.994 , -1.88253e+34 , 5.18233e+35
0.995 , -2.30974e+34 , 5.7054e+35
0.996 , -2.80058e+34 , 6.27868e+35
0.997 , -3.36311e+34 , 6.90671e+35
0.998 , -4.00634e+34 , 7.59448e+35
0.999 , -4.74029e+34 , 8.34735e+35
1 , -5.57613e+34 , 9.17117e+35
1.001 , -6.5263e+34 , 1.00723e+36
1.002 , -7.60464e+34 , 1.10575e+36
1.003 , -8.82652e+34 , 1.21342e+36
1.004 , -1.02091e+35 , 1.33106e+36
1.005 , -1.17712e+35 , 1.45952e+36
1.006 , -1.35341e+35 , 1.59974e+36
1.007 , -1.5521e+35 , 1.75275e+36
1.008 , -1.7758e+35 , 1.91963e+36
1.009 , -2.02737e+35 , 2.10157e+36
1.01 , -2.31e+35 , 2.29984e+36
1.011 , -2.6272e+35 , 2.51581e+36
1.012 , -2.98288e+35 , 2.75096e+36
1.013 , -3.38135e+35 , 3.00689e+36
1.014 , -3.82737e+35 , 3.28531e+36
1.015 , -4.32622e+35 , 3.58804e+36
1.016 , -4.8837e+35 , 3.91707e+36
1.017 , -5.50625e+35 , 4.27451e+36
1.018 , -6.20095e+35 , 4.66263e+36
1.019 , -6.97562e+35 , 5.08386e+36
1.02 , -7.83888e+35 , 5.54078e+36
1.021 , -8.80024e+35 , 6.03619e+36
1.022 , -9.87016e+35 , 6.57304e+36
1.023 , -1.10602e+36 , 7.15448e+36
1.024 , -1.2383e+36 , 7.78388e+36
1.025 , -1.38525e+36 , 8.46483e+36
1.026 , -1.54841e+36 , 9.2011e+36
1.027 , -1.72948e+36 , 9.99675e+36
1.028 , -1.9303e+36 , 1.0856e+37
1.029 , -2.15291e+36 , 1.17834e+37
1.03 , -2.39956e+36 , 1.27838e+37
1.031 , -2.6727e+36 , 1.3862e+37
1.032 , -2.97502e+36 , 1.50234e+37
1.033 , -3.3095e+36 , 1.62736e+37
1.034 , -3.67937e+36 , 1.76182e+37
1.035 , -4.08819e+36 , 1.90634e+37
1.036 , -4.53986e+36 , 2.06154e+37
1.037 , -5.03864e+36 , 2.22807e+37
1.038 , -5.5892e+36 , 2.4066e+37
1.039 , -6.19667e+36 , 2.59784e+37
1.04 , -6.86662e+36 , 2.80248e+37
1.041 , -7.60519e+36 , 3.02124e+37
1.042 , -8.41906e+36 , 3.25487e+37
1.043 , -9.31554e+36 , 3.50408e+37
1.044 , -1.03026e+37 , 3.76961e+37
1.045 , -1.1389e+37 , 4.05219e+37
1.046 , -1.25841e+37 , 4.3525e+37
1.047 , -1.38985e+37 , 4.67122e+37
1.048 , -1.53434e+37 , 5.00898e+37
1.049 , -1.69311e+37 , 5.36633e+37
1.05 , -1.86751e+37 , 5.74377e+37
1.051 , -2.059e+37 , 6.14169e+37
1.052 , -2.26918e+37 , 6.56038e+37
1.053 , -2.49979e+37 , 6.99995e+37
1.054 , -2.7527e+37 , 7.46036e+37
1.055 , -3.02996e+37 , 7.94136e+37
1.056 , -3.33382e+37 , 8.44242e+37
1.057 , -3.6667e+37 , 8.96275e+37
1.058 , -4.03121e+37 , 9.50118e+37
1.059 , -4.43022e+37 , 1.00561e+38
1.06 , -4.86683e+37 , 1.06256e+38
1.061 , -5.34439e+37 , 1.12069e+38
1.062 , -5.86654e+37 , 1.17969e+38
1.063 , -6.43722e+37 , 1.23916e+38
1.064 , -7.0607e+37 , 1.2986e+38
1.065 , -7.7416e+37 , 1.35745e+38
1.066 , -8.48491e+37 , 1.41501e+38
1.067 , -9.29603e+37 , 1.47046e+38
1.068 , -1.01808e+38 , 1.52283e+38
1.069 , -1.11455e+38 , 1.571e+38
1.07 , -1.21969e+38 , 1.61365e+38
1.071 , -1.33423e+38 , 1.64925e+38
1.072 , -1.45897e+38 , 1.67602e+38
1.073 , -1.59475e+38 , 1.69193e+38
1.074 , -1.74248e+38 , 1.69462e+38
1.075 , -1.90315e+38 , 1.6814e+38
1.076 , -2.07782e+38 , 1.64917e+38
1.077 , -2.26761e+38 , 1.59442e+38
1.078 , -2.47374e+38 , 1.51311e+38
1.079 , -2.69752e+38 , 1.40066e+38
1.08 , -2.94034e+38 , 1.25189e+38
1.081 , -3.20369e+38 , 1.06088e+38
1.082 , -3.48917e+38 , 8.20964e+37
1.083 , -3.79847e+38 , 5.2457e+37
1.084 , -4.13342e+38 , 1.63165e+37
1.085 , -4.49595e+38 , -2.72885e+37
1.086 , -4.8881e+38 , -7.94435e+37
1.087 , -5.31208e+38 , -1.41371e+38
1.088 , -5.7702e+38 , -2.14444e+38
1.089 , -6.26491e+38 , -3.00208e+38
1.09 , -6.79881e+38 , -4.00395e+38
1.091 , -7.37464e+38 , -5.16948e+38
1.092 , -7.99531e+38 , -6.52044e+38
1.093 , -8.66384e+38 , -8.08121e+38
1.094 , -9.38344e+38 , -9.87904e+38
1.095 , -1.01574e+39 , -1.19444e+39
1.096 , -1.09893e+39 , -1.43114e+39
1.097 , -1.18828e+39 , -1.70179e+39
1.098 , -1.28415e+39 , -2.01064e+39
1.099 , -1.38695e+39 , -2.36241e+39
1.1 , -1.49706e+39 , -2.76236e+39
1.101 , -1.61492e+39 , -3.21635e+39
1.102 , -1.74094e+39 , -3.73091e+39
1.103 , -1.87554e+39 , -4.31327e+39
1.104 , -2.01916e+39 , -4.97149e+39
1.105 , -2.17223e+39 , -5.71454e+39
1.106 , -2.33518e+39 , -6.55233e+39
1.107 , -2.50841e+39 , -7.4959e+39
1.108 , -2.69235e+39 , -8.55748e+39
1.109 , -2.88736e+39 , -9.75062e+39
1.11 , -3.0938e+39 , -1.10903e+40
1.111 , -3.31198e+39 , -1.25933e+40
1.112 , -3.54215e+39 , -1.42778e+40
1.113 , -3.78452e+39 , -1.61644e+40
1.114 , -4.0392e+39 , -1.82755e+40
1.115 , -4.30621e+39 , -2.06361e+40
1.116 , -4.58547e+39 , -2.32736e+40
1.117 , -4.87676e+39 , -2.62185e+40
1.118 , -5.17967e+39 , -2.95044e+40
1.119 , -5.49363e+39 , -3.31683e+40
1.12 , -5.81784e+39 , -3.72511e+40
1.121 , -6.15124e+39 , -4.17978e+40
1.122 , -6.49246e+39 , -4.68583e+40
1.123 , -6.83979e+39 , -5.24871e+40
1.124 , -7.1911e+39 , -5.87447e+40
1.125 , -7.54382e+39 , -6.56975e+40
1.126 , -7.89481e+39 , -7.34185e+40
1.127 , -8.24035e+39 , -8.19883e+40
1.128 , -8.57601e+39 , -9.14951e+40
1.129 , -8.89656e+39 , -1.02036e+41
1.13 , -9.19585e+39 , -1.13719e+41
1.131 , -9.46672e+39 , -1.2666e+41
1.132 , -9.70084e+39 , -1.40989e+41
1.133 , -9.88853e+39 , -1.56848e+41
1.134 , -1.00186e+40 , -1.74391e+41
1.135 , -1.00783e+40 , -1.93789e+41
1.136 , -1.00527e+40 , -2.1523e+41
1.137 , -9.92497e+39 , -2.38917e+41
1.138 , -9.67574e+39 , -2.65076e+41
1.139 , -9.28292e+39 , -2.93953e+41
1.14 , -8.72138e+39 , -3.25818e+41
1.141 , -7.96252e+39 , -3.60964e+41
1.142 , -6.9739e+39 , -3.99715e+41
1.143 , -5.71875e+39 , -4.42425e+41
1.144 , -4.15547e+39 , -4.89478e+41
1.145 , -2.23704e+39 , -5.41298e+41
1.146 , 8.9606e+37 , -5.98346e+41
1.147 , 2.8843e+39 , -6.61125e+41
1.148 , 6.21442e+39 , -7.30186e+41
1.149 , 1.01557e+40 , -8.06128e+41
1.15 , 1.47934e+40 , -8.89608e+41
1.151 , 2.02231e+40 , -9.8134e+41
1.152 , 2.65521e+40 , -1.0821e+42
1.153 , 3.39004e+40 , -1.19274e+42
1.154 , 4.24028e+40 , -1.31419e+42
1.155 , 5.22098e+40 , -1.44745e+42
1.156 , 6.34897e+40 , -1.59362e+42
1.157 , 7.64307e+40 , -1.75389e+42
1.158 , 9.12427e+40 , -1.92957e+42
1.159 , 1.0816e+41 , -2.12205e+42
1.16 , 1.27444e+41 , -2.33288e+42
1.161 , 1.49385e+41 , -2.56371e+42
1.162 , 1.74308e+41 , -2.81637e+42
1.163 , 2.02572e+41 , -3.09281e+42
1.164 , 2.3458e+41 , -3.39515e+42
1.165 , 2.70777e+41 , -3.72572e+42
1.166 , 3.11658e+41 , -4.08701e+42
1.167 , 3.57773e+41 , -4.48173e+42
1.168 , 4.09733e+41 , -4.91282e+42
1.169 , 4.68214e+41 , -5.38345e+42
1.17 , 5.33968e+41 , -5.89706e+42
1.171 , 6.07825e+41 , -6.45735e+42
1.172 , 6.90707e+41 , -7.06835e+42
1.173 , 7.83635e+41 , -7.73438e+42
1.174 , 8.87737e+41 , -8.46011e+42
1.175 , 1.00426e+42 , -9.2506e+42
1.176 , 1.13459e+42 , -1.01113e+43
1.177 , 1.28025e+42 , -1.1048e+43
1.178 , 1.44292e+42 , -1.2067e+43
1.179 , 1.62447e+42 , -1.31751e+43
1.18 , 1.82695e+42 , -1.43796e+43
1.181 , 2.05263e+42 , -1.56883e+43
1.182 , 2.304e+42 , -1.71097e+43
1.183 , 2.58384e+42 , -1.86526e+43
1.184 , 2.89516e+42 , -2.03267e+43
1.185 , 3.24134e+42 , -2.21424e+43
1.186 , 3.62604e+42 , -2.41108e+43
1.187 , 4.05332e+42 , -2.62434e+43
1.188 , 4.52767e+42 , -2.85531e+43
1.189 , 5.05397e+42 , -3.10531e+43
1.19 , 5.63765e+42 , -3.37579e+43
1.191 , 6.28464e+42 , -3.66824e+43
1.192 , 7.00146e+42 , -3.98429e+43
1.193 , 7.79529e+42 , -4.32566e+43
1.194 , 8.674e+42 , -4.69414e+43
1.195 , 9.64623e+42 , -5.09166e+43
1.196 , 1.07215e+43 , -5.52024e+43
1.197 , 1.19101e+43 , -5.98201e+43
1.198 , 1.32235e+43 , -6.47921e+43
1.199 , 1.46743e+43 , -7.01418e+43
1.2 , 1.62761e+43 , -7.58939e+43
1.201 , 1.80439e+43 , -8.20741e+43
1.202 , 1.99941e+43 , -8.87091e+43
1.203 , 2.21448e+43 , -9.58265e+43
1.204 , 2.45157e+43 , -1.03455e+44
1.205 , 2.71282e+43 , -1.11624e+44
1.206 , 3.0006e+43 , -1.20365e+44
1.207 , 3.31747e+43 , -1.29706e+44
1.208 , 3.66626e+43 , -1.39681e+44
1.209 , 4.05002e+43 , -1.50321e+44
1.21 , 4.47213e+43 , -1.61656e+44
1.211 , 4.93623e+43 , -1.73718e+44
1.212 , 5.44633e+43 , -1.86537e+44
1.213 , 6.00679e+43 , -2.00142e+44
1.214 , 6.62236e+43 , -2.1456e+44
1.215 , 7.29823e+43 , -2.29817e+44
1.216 , 8.04003e+43 , -2.45934e+44
1.217 , 8.85391e+43 , -2.62929e+44
1.218 , 9.74657e+43 , -2.80816e+44
1.219 , 1.07253e+44 , -2.996e+44
1.22 , 1.1798e+44 , -3.19284e+44
1.221 , 1.29733e+44 , -3.39857e+44
1.222 , 1.42606e+44 , -3.613e+44
1.223 , 1.56701e+44 , -3.83583e+44
1.224 , 1.72127e+44 , -4.06659e+44
1.225 , 1.89006e+44 , -4.30465e+44
1.226 , 2.07467e+44 , -4.5492e+44
1.227 , 2.27651e+44 , -4.79916e+44
1.228 , 2.49713e+44 , -5.05324e+44
1.229 , 2.73817e+44 , -5.30979e+44
1.23 , 3.00143e+44 , -5.56684e+44
1.231 , 3.28887e+44 , -5.822e+44
1.232 , 3.60258e+44 , -6.07244e+44
1.233 , 3.94484e+44 , -6.31476e+44
1.234 , 4.31813e+44 , -6.54498e+44
1.235 , 4.72509e+44 , -6.75845e+44
1.236 , 5.1686e+44 , -6.9497e+44
1.237 , 5.65177e+44 , -7.1124e+44
1.238 , 6.17793e+44 , -7.2392e+44
1.239 , 6.75068e+44 , -7.32162e+44
1.24 , 7.37393e+44 , -7.3499e+44
1.241 , 8.05183e+44 , -7.31282e+44
1.242 , 8.7889e+44 , -7.19753e+44
1.243 , 9.58996e+44 , -6.98932e+44
1.244 , 1.04602e+45 , -6.67144e+44
1.245 , 1.14052e+45 , -6.22479e+44
1.246 , 1.2431e+45 , -5.62766e+44
1.247 , 1.3544e+45 , -4.85539e+44
1.248 , 1.47509e+45 , -3.88005e+44
1.249 , 1.60593e+45 , -2.67002e+44
1.25 , 1.74769e+45 , -1.18955e+44
1.251 , 1.90121e+45 , 6.0172e+43
1.252 , 2.06739e+45 , 2.7493e+44
1.253 , 2.24718e+45 , 5.30447e+44
1.254 , 2.4416e+45 , 8.32493e+44
1.255 , 2.65173e+45 , 1.18755e+45
1.256 , 2.87871e+45 , 1.60292e+45
1.257 , 3.12375e+45 , 2.08676e+45
1.258 , 3.38815e+45 , 2.64825e+45
1.259 , 3.67327e+45 , 3.29766e+45
1.26 , 3.98054e+45 , 4.04649e+45
1.261 , 4.31147e+45 , 4.90759e+45
1.262 , 4.66766e+45 , 5.89536e+45
1.263 , 5.05077e+45 , 7.02585e+45
1.264 , 5.46256e+45 , 8.31699e+45
1.265 , 5.90483e+45 , 9.78879e+45
1.266 , 6.3795e+45 , 1.14636e+46
1.267 , 6.88852e+45 , 1.33661e+46
1.268 , 7.43395e+45 , 1.55242e+46
1.269 , 8.01788e+45 , 1.79686e+46
1.27 , 8.64246e+45 , 2.07335e+46
1.271 , 9.30989e+45 , 2.38572e+46
1.272 , 1.00224e+46 , 2.73818e+46
1.273 , 1.07822e+46 , 3.13545e+46
1.274 , 1.15917e+46 , 3.58275e+46
1.275 , 1.24529e+46 , 4.08586e+46
1.276 , 1.33681e+46 , 4.65123e+46
1.277 , 1.43393e+46 , 5.28597e+46
1.278 , 1.53687e+46 , 5.99798e+46
1.279 , 1.64579e+46 , 6.796e+46
1.28 , 1.76086e+46 , 7.68972e+46
1.281 , 1.88222e+46 , 8.68987e+46
1.282 , 2.00998e+46 , 9.8083e+46
1.283 , 2.14418e+46 , 1.10581e+47
1.284 , 2.28486e+46 , 1.24538e+47
1.285 , 2.43197e+46 , 1.40115e+47
1.286 , 2.58539e+46 , 1.57487e+47
1.287 , 2.74493e+46 , 1.76851e+47
1.288 , 2.91029e+46 , 1.98423e+47
1.289 , 3.08105e+46 , 2.2244e+47
1.29 , 3.25669e+46 , 2.49165e+47
1.291 , 3.4365e+46 , 2.78887e+47
1.292 , 3.61959e+46 , 3.11926e+47
1.293 , 3.80489e+46 , 3.48635e+47
1.294 , 3.99107e+46 , 3.89399e+47
1.295 , 4.17652e+46 , 4.34645e+47
1.296 , 4.35934e+46 , 4.84845e+47
1.297 , 4.53724e+46 , 5.40514e+47
1.298 , 4.70754e+46 , 6.02221e+47
1.299 , 4.8671e+46 , 6.70591e+47
1.3 , 5.01223e+46 , 7.46313e+47
1.301 , 5.13864e+46 , 8.30142e+47
1.302 , 5.24139e+46 , 9.22909e+47
1.303 , 5.31472e+46 , 1.02552e+48
1.304 , 5.35205e+46 , 1.13899e+48
1.305 , 5.34578e+46 , 1.26441e+48
1.306 , 5.28721e+46 , 1.40299e+48
1.307 , 5.16642e+46 , 1.55604e+48
1.308 , 4.97205e+46 , 1.72504e+48
1.309 , 4.69119e+46 , 1.91155e+48
1.31 , 4.30915e+46 , 2.11734e+48
1.311 , 3.80926e+46 , 2.3443e+48
1.312 , 3.17262e+46 , 2.59454e+48
1.313 , 2.37786e+46 , 2.87036e+48
1.314 , 1.40079e+46 , 3.17425e+48
1.315 , 2.1415e+45 , 3.50896e+48
1.316 , -1.21284e+46 , 3.87751e+48
1.317 , -2.91482e+46 , 4.28319e+48
1.318 , -4.93078e+46 , 4.72957e+48
1.319 , -7.30452e+46 , 5.22061e+48
1.32 , -1.00853e+47 , 5.76058e+48
1.321 , -1.33282e+47 , 6.35419e+48
1.322 , -1.70952e+47 , 7.00654e+48
1.323 , -2.14556e+47 , 7.72325e+48
1.324 , -2.64869e+47 , 8.51041e+48
1.325 , -3.2276e+47 , 9.37467e+48
1.326 , -3.89197e+47 , 1.03233e+49
1.327 , -4.65262e+47 , 1.13643e+49
1.328 , -5.52165e+47 , 1.25061e+49
1.329 , -6.51253e+47 , 1.37583e+49
1.33 , -7.64027e+47 , 1.51311e+49
1.331 , -8.92161e+47 , 1.66356e+49
1.332 , -1.03752e+48 , 1.8284e+49
1.333 , -1.20217e+48 , 2.00895e+49
1.334 , -1.38842e+48 , 2.20665e+49
1.335 , -1.59883e+48 , 2.42305e+49
1.336 , -1.83625e+48 , 2.65987e+49
1.337 , -2.10384e+48 , 2.91894e+49
1.338 , -2.4051e+48 , 3.20228e+49
1.339 , -2.74393e+48 , 3.51205e+49
1.34 , -3.12464e+48 , 3.85063e+49
1.341 , -3.55201e+48 , 4.22057e+49
1.342 , -4.03133e+48 , 4.62467e+49
1.343 , -4.56849e+48 , 5.06593e+49
1.344 , -5.16995e+48 , 5.54762e+49
1.345 , -5.84292e+48 , 6.07328e+49
1.346 , -6.59534e+48 , 6.64674e+49
1.347 , -7.43598e+48 , 7.27216e+49
1.348 , -8.37457e+48 , 7.95401e+49
1.349 , -9.42182e+48 , 8.69715e+49
1.35 , -1.05896e+49 , 9.50681e+49
1.351 , -1.18909e+49 , 1.03887e+50
1.352 , -1.33403e+49 , 1.13488e+50
1.353 , -1.49535e+49 , 1.23939e+50
1.354 , -1.67483e+49 , 1.3531e+50
1.355 , -1.87439e+49 , 1.47678e+50
1.356 , -2.09616e+49 , 1.61126e+50
1.357 , -2.34249e+49 , 1.75742e+50
1.358 , -2.61598e+49 , 1.91622e+50
1.359 , -2.91947e+49 , 2.0887e+50
1.36 , -3.25608e+49 , 2.27595e+50
1.361 , -3.62928e+49 , 2.47918e+50
1.362 , -4.04285e+49 , 2.69964e+50
1.363 , -4.50097e+49 , 2.93872e+50
1.364 , -5.00821e+49 , 3.19787e+50
1.365 , -5.56961e+49 , 3.47867e+50
1.366 , -6.19071e+49 , 3.78279e+50
1.367 , -6.87758e+49 , 4.11203e+50
1.368 , -7.63689e+49 , 4.46831e+50
1.369 , -8.47596e+49 , 4.85366e+50
1.37 , -9.40282e+49 , 5.27027e+50
1.371 , -1.04263e+50 , 5.72046e+50
1.372 , -1.1556e+50 , 6.20668e+50
1.373 , -1.28026e+50 , 6.73157e+50
1.374 , -1.41776e+50 , 7.2979e+50
1.375 , -1.56938e+50 , 7.90861e+50
1.376 , -1.73651e+50 , 8.56681e+50
1.377 , -1.92067e+50 , 9.27579e+50
1.378 , -2.12354e+50 , 1.0039e+51
1.379 , -2.34693e+50 , 1.08601e+51
1.38 , -2.59285e+50 , 1.1743e+51
1.381 , -2.86347e+50 , 1.26915e+51
1.382 , -3.1612e+50 , 1.371e+51
1.383 , -3.48864e+50 , 1.48028e+51
1.384 , -3.84864e+50 , 1.59744e+51
1.385 , -4.24431e+50 , 1.72295e+51
1.386 , -4.67907e+50 , 1.85731e+51
1.387 , -5.15662e+50 , 2.001e+51
1.388 , -5.68102e+50 , 2.15455e+51
1.389 , -6.25669e+50 , 2.31846e+51
1.39 , -6.88845e+50 , 2.49328e+51
1.391 , -7.58158e+50 , 2.67953e+51
1.392 , -8.34179e+50 , 2.87773e+51
1.393 , -9.17535e+50 , 3.08841e+51
1.394 , -1.0089e+51 , 3.31207e+51
1.395 , -1.10903e+51 , 3.5492e+51
1.396 , -1.21872e+51 , 3.80025e+51
1.397 , -1.33885e+51 , 4.06564e+51
1.398 , -1.47037e+51 , 4.34572e+51
1.399 , -1.61434e+51 , 4.64079e+51
1.4 , -1.77186e+51 , 4.95107e+51
1.401 , -1.94419e+51 , 5.27665e+51
1.402 , -2.13264e+51 , 5.61753e+51
1.403 , -2.33867e+51 , 5.97355e+51
1.404 , -2.56385e+51 , 6.34436e+51
1.405 , -2.80989e+51 , 6.72943e+51
1.406 , -3.07864e+51 , 7.12796e+51
1.407 , -3.37211e+51 , 7.53889e+51
1.408 , -3.69249e+51 , 7.96079e+51
1.409 , -4.04213e+51 , 8.39188e+51
1.41 , -4.42359e+51 , 8.82991e+51
1.411 , -4.83964e+51 , 9.27213e+51
1.412 , -5.29329e+51 , 9.71519e+51
1.413 , -5.78777e+51 , 1.0155e+52
1.414 , -6.3266e+51 , 1.05869e+52
1.415 , -6.91357e+51 , 1.1005e+52
1.416 , -7.55278e+51 , 1.14028e+52
1.417 , -8.24865e+51 , 1.17722e+52
1.418 , -9.00598e+51 , 1.21042e+52
1.419 , -9.82992e+51 , 1.2388e+52
1.42 , -1.0726e+52 , 1.26114e+52
1.421 , -1.17003e+52 , 1.276e+52
1.422 , -1.27592e+52 , 1.28175e+52
1.423 , -1.39098e+52 , 1.2765e+52
1.424 , -1.51594e+52 , 1.25809e+52
1.425 , -1.65161e+52 , 1.22405e+52
1.426 , -1.79887e+52 , 1.17157e+52
1.427 , -1.95864e+52 , 1.09745e+52
1.428 , -2.13192e+52 , 9.98046e+51
1.429 , -2.31978e+52 , 8.69215e+51
1.43 , -2.52337e+52 , 7.06274e+51
1.431 , -2.74393e+52 , 5.03919e+51
1.432 , -2.98277e+52 , 2.56152e+51
1.433 , -3.2413e+52 , -4.37977e+50
1.434 , -3.52103e+52 , -4.03565e+51
1.435 , -3.82357e+52 , -8.31755e+51
1.436 , -4.15064e+52 , -1.33805e+52
1.437 , -4.50407e+52 , -1.93333e+52
1.438 , -4.88581e+52 , -2.62984e+52
1.439 , -5.29794e+52 , -3.44131e+52
1.44 , -5.74265e+52 , -4.38312e+52
1.441 , -6.2223e+52 , -5.47254e+52
1.442 , -6.73935e+52 , -6.72889e+52
1.443 , -7.29644e+52 , -8.1738e+52
1.444 , -7.89633e+52 , -9.83145e+52
1.445 , -8.54196e+52 , -1.17289e+53
1.446 , -9.23642e+52 , -1.38962e+53
1.447 , -9.98295e+52 , -1.63672e+53
1.448 , -1.0785e+53 , -1.91795e+53
1.449 , -1.1646e+53 , -2.23749e+53
1.45 , -1.25698e+53 , -2.60001e+53
1.451 , -1.35603e+53 , -3.01071e+53
1.452 , -1.46215e+53 , -3.47539e+53
1.453 , -1.57576e+53 , -4.00048e+53
1.454 , -1.69729e+53 , -4.59315e+53
1.455 , -1.82719e+53 , -5.26136e+53
1.456 , -1.96591e+53 , -6.01396e+53
1.457 , -2.11392e+53 , -6.86078e+53
1.458 , -2.27169e+53 , -7.81273e+53
1.459 , -2.43969e+53 , -8.88191e+53
1.46 , -2.61839e+53 , -1.00818e+54
1.461 , -2.80827e+53 , -1.14272e+54
1.462 , -3.00978e+53 , -1.29346e+54
1.463 , -3.22336e+53 , -1.46225e+54
1.464 , -3.44943e+53 , -1.65109e+54
1.465 , -3.68837e+53 , -1.86224e+54
1.466 , -3.94052e+53 , -2.09817e+54
1.467 , -4.20617e+53 , -2.36164e+54
1.468 , -4.48554e+53 , -2.65569e+54
1.469 , -4.77875e+53 , -2.98367e+54
1.47 , -5.08585e+53 , -3.3493e+54
1.471 , -5.40674e+53 , -3.75668e+54
1.472 , -5.74118e+53 , -4.21036e+54
1.473 , -6.08878e+53 , -4.71533e+54
1.474 , -6.44893e+53 , -5.27713e+54
1.475 , -6.82077e+53 , -5.90187e+54
1.476 , -7.20319e+53 , -6.59628e+54
1.477 , -7.59476e+53 , -7.36779e+54
1.478 , -7.99366e+53 , -8.2246e+54
1.479 , -8.39766e+53 , -9.17574e+54
1.48 , -8.80404e+53 , -1.02312e+55
1.481 , -9.20951e+53 , -1.14019e+55
1.482 , -9.61013e+53 , -1.27e+55
1.483 , -1.00013e+54 , -1.41387e+55
1.484 , -1.03774e+54 , -1.57329e+55
1.485 , -1.07321e+54 , -1.74985e+55
1.486 , -1.10578e+54 , -1.94534e+55
1.487 , -1.13458e+54 , -2.16172e+55
1.488 , -1.15859e+54 , -2.40113e+55
1.489 , -1.17664e+54 , -2.66594e+55
1.49 , -1.18739e+54 , -2.95876e+55
1.491 , -1.18928e+54 , -3.28244e+55
1.492 , -1.18056e+54 , -3.64013e+55
1.493 , -1.15918e+54 , -4.03528e+55
1.494 , -1.12284e+54 , -4.4717e+55
1.495 , -1.06891e+54 , -4.95353e+55
1.496 , -9.9441e+53 , -5.48538e+55
1.497 , -8.95938e+53 , -6.07225e+55
1.498 , -7.69655e+53 , -6.71967e+55
1.499 , -6.11216e+53 , -7.43369e+55
1.5 , -4.15709e+53 , -8.22095e+55
1.501 , -1.77592e+53 , -9.08874e+55
1.502 , 1.09384e+53 , -1.0045e+56
1.503 , 4.52254e+53 , -1.10986e+56
1.504 , 8.58934e+53 , -1.22591e+56
1.505 , 1.33832e+54 , -1.35369e+56
1.506 , 1.9004e+54 , -1.49437e+56
1.507 , 2.55637e+54 , -1.6492e+56
1.508 , 3.3188e+54 , -1.81958e+56
1.509 , 4.20176e+54 , -2.00701e+56
1.51 , 5.22099e+54 , -2.21316e+56
1.511 , 6.39411e+54 , -2.43983e+56
1.512 , 7.7408e+54 , -2.68903e+56
1.513 , 9.28303e+54 , -2.96291e+56
1.514 , 1.10454e+55 , -3.26387e+56
1.515 , 1.30552e+55 , -3.5945e+56
1.516 , 1.5343e+55 , -3.95765e+56
1.517 , 1.79428e+55 , -4.35643e+56
1.518 , 2.08925e+55 , -4.79424e+56
1.519 , 2.42343e+55 , -5.27479e+56
1.52 , 2.80151e+55 , -5.80214e+56
1.521 , 3.22871e+55 , -6.38073e+56
1.522 , 3.71082e+55 , -7.0154e+56
1.523 , 4.25429e+55 , -7.71143e+56
1.524 , 4.86628e+55 , -8.4746e+56
1.525 , 5.55473e+55 , -9.31122e+56
1.526 , 6.32846e+55 , -1.02281e+57
1.527 , 7.19725e+55 , -1.12329e+57
1.528 , 8.17193e+55 , -1.23336e+57
1.529 , 9.26453e+55 , -1.35393e+57
1.53 , 1.04884e+56 , -1.48596e+57
1.531 , 1.18582e+56 , -1.63051e+57
1.532 , 1.33903e+56 , -1.78874e+57
1.533 , 1.51027e+56 , -1.96192e+57
1.534 , 1.70156e+56 , -2.1514e+57
1.535 , 1.91509e+56 , -2.35868e+57
1.536 , 2.15332e+56 , -2.5854e+57
1.537 , 2.41894e+56 , -2.83331e+57
1.538 , 2.71495e+56 , -3.10435e+57
1.539 , 3.04465e+56 , -3.40061e+57
1.54 , 3.41167e+56 , -3.72437e+57
1.541 , 3.82005e+56 , -4.07811e+57
1.542 , 4.27423e+56 , -4.46453e+57
1.543 , 4.77911e+56 , -4.88655e+57
1.544 , 5.3401e+56 , -5.34736e+57
1.545 , 5.96316e+56 , -5.85042e+57
1.546 , 6.65488e+56 , -6.39949e+57
1.547 , 7.4225e+56 , -6.99864e+57
1.548 , 8.27402e+56 , -7.65231e+57
1.549 , 9.21826e+56 , -8.36529e+57
1.55 , 1.02649e+57 , -9.14281e+57
1.551 , 1.14246e+57 , -9.99051e+57
1.552 , 1.27092e+57 , -1.09145e+58
1.553 , 1.41317e+57 , -1.19215e+58
1.554 , 1.57062e+57 , -1.30187e+58
1.555 , 1.74484e+57 , -1.42139e+58
1.556 , 1.93757e+57 , -1.55155e+58
1.557 , 2.1507e+57 , -1.69326e+58
1.558 , 2.38633e+57 , -1.84753e+58
1.559 , 2.64673e+57 , -2.01541e+58
1.56 , 2.93445e+57 , -2.19808e+58
1.561 , 3.25225e+57 , -2.39677e+58
1.562 , 3.60319e+57 , -2.61285e+58
1.563 , 3.9906e+57 , -2.84778e+58
1.564 , 4.41818e+57 , -3.10315e+58
1.565 , 4.88995e+57 , -3.38064e+58
1.566 , 5.41036e+57 , -3.68211e+58
1.567 , 5.98428e+57 , -4.00954e+58
1.568 , 6.61705e+57 , -4.36507e+58
1.569 , 7.31453e+57 , -4.75101e+58
1.57 , 8.08318e+57 , -5.16985e+58
1.571 , 8.93004e+57 , -5.62424e+58
1.572 , 9.86286e+57 , -6.11709e+58
1.573 , 1.08901e+58 , -6.65147e+58
1.574 , 1.20212e+58 , -7.23073e+58
1.575 , 1.32662e+58 , -7.85843e+58
1.576 , 1.46365e+58 , -8.53842e+58
1.577 , 1.61441e+58 , -9.27481e+58
1.578 , 1.78027e+58 , -1.0072e+59
1.579 , 1.96269e+58 , -1.09348e+59
1.58 , 2.16328e+58 , -1.18682e+59
1.581 , 2.38382e+58 , -1.28776e+59
1.582 , 2.62624e+58 , -1.39689e+59
1.583 , 2.89265e+58 , -1.51483e+59
1.584 , 3.18538e+58 , -1.64224e+59
1.585 , 3.50697e+58 , -1.77981e+59
1.586 , 3.86019e+58 , -1.92832e+59
1.587 , 4.2481e+58 , -2.08855e+59
1.588 , 4.674e+58 , -2.26136e+59
1.589 , 5.14155e+58 , -2.44765e+59
1.59 , 5.65473e+58 , -2.64839e+59
1.591 , 6.21789e+58 , -2.86458e+59
1.592 , 6.83579e+58 , -3.09731e+59
1.593 , 7.51363e+58 , -3.34772e+59
1.594 , 8.25711e+58 , -3.617e+59
1.595 , 9.07245e+58 , -3.90641e+59
1.596 , 9.96644e+58 , -4.21728e+59
1.597 , 1.09465e+59 , -4.55101e+59
1.598 , 1.20208e+59 , -4.90905e+59
1.599 , 1.31981e+59 , -5.29292e+59
1.6 , 1.44881e+59 , -5.70421e+59
1.601 , 1.59015e+59 , -6.14456e+59
1.602 , 1.74497e+59 , -6.61567e+59
1.603 , 1.91454e+59 , -7.11929e+59
1.604 , 2.10023e+59 , -7.65722e+59
1.605 , 2.30354e+59 , -8.23131e+59
1.606 , 2.52611e+59 , -8.8434e+59
1.607 , 2.76973e+59 , -9.4954e+59
1.608 , 3.03634e+59 , -1.01892e+60
1.609 , 3.32809e+59 , -1.09266e+60
1.61 , 3.64728e+59 , -1.17095e+60
1.611 , 3.99645e+59 , -1.25396e+60
1.612 , 4.37835e+59 , -1.34186e+60
1.613 , 4.796e+59 , -1.43481e+60
1.614 , 5.25267e+59 , -1.53295e+60
1.615 , 5.75193e+59 , -1.63639e+60
1.616 , 6.29768e+59 , -1.74521e+60
1.617 , 6.89417e+59 , -1.85949e+60
1.618 , 7.546e+59 , -1.97922e+60
1.619 , 8.25823e+59 , -2.10439e+60
1.62 , 9.03632e+59 , -2.2349e+60
1.621 , 9.88625e+59 , -2.37058e+60
1.622 , 1.08145e+60 , -2.51119e+60
1.623 , 1.18282e+60 , -2.65639e+60
1.624 , 1.2935e+60 , -2.80573e+60
1.625 , 1.41433e+60 , -2.95862e+60
1.626 , 1.54622e+60 , -3.11432e+60
1.627 , 1.69016e+60 , -3.2719e+60
1.628 , 1.84723e+60 , -3.43026e+60
1.629 , 2.01861e+60 , -3.58801e+60
1.63 , 2.20557e+60 , -3.74354e+60
1.631 , 2.4095e+60 , -3.8949e+60
1.632 , 2.6319e+60 , -4.03979e+60
1.633 , 2.87441e+60 , -4.17551e+60
1.634 , 3.13881e+60 , -4.29887e+60
1.635 , 3.42705e+60 , -4.40619e+60
1.636 , 3.7412e+60 , -4.49316e+60
1.637 , 4.08357e+60 , -4.5548e+60
1.638 , 4.45662e+60 , -4.58535e+60
1.639 , 4.86304e+60 , -4.57818e+60
1.64 , 5.30575e+60 , -4.52567e+60
1.641 , 5.78792e+60 , -4.41905e+60
1.642 , 6.31297e+60 , -4.24833e+60
1.643 , 6.88464e+60 , -4.00206e+60
1.644 , 7.50697e+60 , -3.66718e+60
1.645 , 8.18434e+60 , -3.22882e+60
1.646 , 8.92148e+60 , -2.67008e+60
1.647 , 9.72356e+60 , -1.97173e+60
1.648 , 1.05961e+61 , -1.11199e+60
1.649 , 1.15452e+61 , -6.61576e+58
1.65 , 1.25774e+61 , 1.19372e+60
1.651 , 1.36998e+61 , 2.69925e+60
1.652 , 1.49199e+61 , 4.48615e+60
1.653 , 1.62462e+61 , 6.59472e+60
1.654 , 1.76875e+61 , 9.07039e+60
1.655 , 1.92536e+61 , 1.19644e+61
1.656 , 2.09549e+61 , 1.53343e+61
1.657 , 2.28028e+61 , 1.92451e+61
1.658 , 2.48095e+61 , 2.37696e+61
1.659 , 2.69882e+61 , 2.89898e+61
1.66 , 2.93531e+61 , 3.49977e+61
1.661 , 3.19198e+61 , 4.18964e+61
1.662 , 3.47047e+61 , 4.98017e+61
1.663 , 3.77259e+61 , 5.88434e+61
1.664 , 4.10025e+61 , 6.91667e+61
1.665 , 4.45554e+61 , 8.09345e+61
1.666 , 4.84071e+61 , 9.43288e+61
1.667 , 5.25816e+61 , 1.09553e+62
1.668 , 5.71049e+61 , 1.26836e+62
1.669 , 6.20048e+61 , 1.46431e+62
1.67 , 6.73116e+61 , 1.68623e+62
1.671 , 7.30572e+61 , 1.9373e+62
1.672 , 7.92765e+61 , 2.22105e+62
1.673 , 8.60064e+61 , 2.54145e+62
1.674 , 9.3287e+61 , 2.90291e+62
1.675 , 1.01161e+62 , 3.31034e+62
1.676 , 1.09674e+62 , 3.76922e+62
1.677 , 1.18874e+62 , 4.28567e+62
1.678 , 1.28815e+62 , 4.86649e+62
1.679 , 1.39552e+62 , 5.51926e+62
1.68 , 1.51145e+62 , 6.25241e+62
1.681 , 1.63658e+62 , 7.07533e+62
1.682 , 1.77157e+62 , 7.99846e+62
1.683 , 1.91717e+62 , 9.03342e+62
1.684 , 2.07412e+62 , 1.01931e+63
1.685 , 2.24326e+62 , 1.14919e+63
1.686 , 2.42544e+62 , 1.29457e+63
1.687 , 2.62157e+62 , 1.45724e+63
1.688 , 2.83264e+62 , 1.63914e+63
1.689 , 3.05965e+62 , 1.84248e+63
1.69 , 3.30369e+62 , 2.06968e+63
1.691 , 3.56588e+62 , 2.32344e+63
1.692 , 3.84743e+62 , 2.60674e+63
1.693 , 4.14957e+62 , 2.9229e+63
1.694 , 4.47361e+62 , 3.2756e+63
1.695 , 4.8209e+62 , 3.66892e+63
1.696 , 5.19285e+62 , 4.10739e+63
1.697 , 5.59091e+62 , 4.59601e+63
1.698 , 6.0166e+62 , 5.14036e+63
1.699 , 6.47143e+62 , 5.74657e+63
1.7 , 6.957e+62 , 6.42149e+63
1.701 , 7.47489e+62 , 7.17266e+63
1.702 , 8.02671e+62 , 8.00845e+63
1.703 , 8.61405e+62 , 8.93813e+63
1.704 , 9.23851e+62 , 9.97195e+63
1.705 , 9.90163e+62 , 1.11213e+64
1.706 , 1.06049e+63 , 1.23986e+64
1.707 , 1.13497e+63 , 1.3818e+64
1.708 , 1.21372e+63 , 1.53946e+64
1.709 , 1.29687e+63 , 1.71456e+64
1.71 , 1.3845e+63 , 1.90897e+64
1.711 , 1.47667e+63 , 2.12477e+64
1.712 , 1.57341e+63 , 2.36426e+64
1.713 , 1.67472e+63 , 2.62998e+64
1.714 , 1.78054e+63 , 2.92473e+64
1.715 , 1.89076e+63 , 3.25162e+64
1.716 , 2.0052e+63 , 3.61407e+64
1.717 , 2.12359e+63 , 4.01586e+64
1.718 , 2.24559e+63 , 4.46117e+64
1.719 , 2.37073e+63 , 4.95462e+64
1.72 , 2.49841e+63 , 5.50129e+64
1.721 , 2.62789e+63 , 6.10681e+64
1.722 , 2.75825e+63 , 6.77738e+64
1.723 , 2.88836e+63 , 7.51985e+64
1.724 , 3.01687e+63 , 8.34176e+64
1.725 , 3.14217e+63 , 9.25145e+64
1.726 , 3.2623e+63 , 1.02581e+65
1.727 , 3.375e+63 , 1.13719e+65
1.728 , 3.47755e+63 , 1.26039e+65
1.729 , 3.56681e+63 , 1.39665e+65
1.73 , 3.63909e+63 , 1.54733e+65
1.731 , 3.69009e+63 , 1.71392e+65
1.732 , 3.71483e+63 , 1.89807e+65
1.733 , 3.70754e+63 , 2.10159e+65
1.734 , 3.66158e+63 , 2.3265e+65
1.735 , 3.56927e+63 , 2.57499e+65
1.736 , 3.42181e+63 , 2.84948e+65
1.737 , 3.20908e+63 , 3.15266e+65
1.738 , 2.91951e+63 , 3.48746e+65
1.739 , 2.53986e+63 , 3.85712e+65
1.74 , 2.05501e+63 , 4.26521e+65
1.741 , 1.44774e+63 , 4.71565e+65
1.742 , 6.98414e+62 , 5.21274e+65
1.743 , -2.15285e+62 , 5.76125e+65
1.744 , -1.31871e+63 , 6.36638e+65
1.745 , -2.64066e+63 , 7.03389e+65
1.746 , -4.21374e+63 , 7.77009e+65
1.747 , -6.07493e+63 , 8.5819e+65
1.748 , -8.26604e+63 , 9.47698e+65
1.749 , -1.08344e+64 , 1.04637e+66
1.75 , -1.38334e+64 , 1.15513e+66
1.751 , -1.73234e+64 , 1.27498e+66
1.752 , -2.13726e+64 , 1.40705e+66
1.753 , -2.60575e+64 , 1.55254e+66
1.754 , -3.14648e+64 , 1.71281e+66
1.755 , -3.76918e+64 , 1.88933e+66
1.756 , -4.48481e+64 , 2.0837e+66
1.757 , -5.30569e+64 , 2.29772e+66
1.758 , -6.24568e+64 , 2.53331e+66
1.759 , -7.32034e+64 , 2.79263e+66
1.76 , -8.54715e+64 , 3.07802e+66
1.761 , -9.94574e+64 , 3.39204e+66
1.762 , -1.15381e+65 , 3.73752e+66
1.763 , -1.33489e+65 , 4.11754e+66
1.764 , -1.54059e+65 , 4.53551e+66
1.765 , -1.774e+65 , 4.99513e+66
1.766 , -2.03859e+65 , 5.50047e+66
1.767 , -2.33824e+65 , 6.05601e+66
1.768 , -2.67732e+65 , 6.66661e+66
1.769 , -3.06068e+65 , 7.33765e+66
1.77 , -3.49376e+65 , 8.07497e+66
1.771 , -3.98265e+65 , 8.885e+66
1.772 , -4.53413e+65 , 9.77477e+66
1.773 , -5.1558e+65 , 1.0752e+67
1.774 , -5.85614e+65 , 1.1825e+67
1.775 , -6.64461e+65 , 1.3003e+67
1.776 , -7.53177e+65 , 1.42962e+67
1.777 , -8.5294e+65 , 1.57155e+67
1.778 , -9.65066e+65 , 1.72729e+67
1.779 , -1.09102e+66 , 1.89816e+67
1.78 , -1.23243e+66 , 2.0856e+67
1.781 , -1.39113e+66 , 2.29118e+67
1.782 , -1.56914e+66 , 2.51661e+67
1.783 , -1.76871e+66 , 2.76377e+67
1.784 , -1.99238e+66 , 3.0347e+67
1.785 , -2.24293e+66 , 3.33164e+67
1.786 , -2.52348e+66 , 3.65702e+67
1.787 , -2.83751e+66 , 4.0135e+67
1.788 , -3.18886e+66 , 4.40398e+67
1.789 , -3.58185e+66 , 4.83162e+67
1.79 , -4.02122e+66 , 5.29986e+67
1.791 , -4.5123e+66 , 5.81247e+67
1.792 , -5.06097e+66 , 6.37353e+67
1.793 , -5.67379e+66 , 6.98751e+67
1.794 , -6.35804e+66 , 7.65924e+67
1.795 , -7.12179e+66 , 8.39403e+67
1.796 , -7.97403e+66 , 9.19761e+67
1.797 , -8.92472e+66 , 1.00762e+68
1.798 , -9.98491e+66 , 1.10367e+68
1.799 , -1.11669e+67 , 1.20865e+68
1.8 , -1.24843e+67 , 1.32335e+68
1.801 , -1.39522e+67 , 1.44865e+68
1.802 , -1.55873e+67 , 1.5855e+68
1.803 , -1.74083e+67 , 1.73493e+68
1.804 , -1.94357e+67 , 1.89806e+68
1.805 , -2.16924e+67 , 2.07609e+68
1.806 , -2.42036e+67 , 2.27035e+68
1.807 , -2.69974e+67 , 2.48225e+68
1.808 , -3.01049e+67 , 2.71334e+68
1.809 , -3.35603e+67 , 2.96529e+68
1.81 , -3.74018e+67 , 3.2399e+68
1.811 , -4.16716e+67 , 3.53914e+68
1.812 , -4.64162e+67 , 3.86512e+68
1.813 , -5.16874e+67 , 4.22012e+68
1.814 , -5.75422e+67 , 4.60663e+68
1.815 , -6.40439e+67 , 5.02729e+68
1.816 , -7.12624e+67 , 5.48499e+68
1.817 , -7.9275e+67 , 5.98283e+68
1.818 , -8.81672e+67 , 6.52416e+68
1.819 , -9.80334e+67 , 7.11258e+68
1.82 , -1.08978e+68 , 7.75195e+68
1.821 , -1.21117e+68 , 8.44645e+68
1.822 , -1.34577e+68 , 9.20055e+68
1.823 , -1.495e+68 , 1.00191e+69
1.824 , -1.6604e+68 , 1.09071e+69
1.825 , -1.8437e+68 , 1.18703e+69
1.826 , -2.0468e+68 , 1.29145e+69
1.827 , -2.27178e+68 , 1.4046e+69
1.828 , -2.52097e+68 , 1.52717e+69
1.829 , -2.7969e+68 , 1.65987e+69
1.83 , -3.1024e+68 , 1.80347e+69
1.831 , -3.44057e+68 , 1.9588e+69
1.832 , -3.81482e+68 , 2.12672e+69
1.833 , -4.22894e+68 , 2.30816e+69
1.834 , -4.68709e+68 , 2.50411e+69
1.835 , -5.19384e+68 , 2.7156e+69
1.836 , -5.75427e+68 , 2.94372e+69
1.837 , -6.37393e+68 , 3.18965e+69
1.838 , -7.05896e+68 , 3.45459e+69
1.839 , -7.81613e+68 , 3.73983e+69
1.84 , -8.65287e+68 , 4.04669e+69
1.841 , -9.57738e+68 , 4.37658e+69
1.842 , -1.05987e+69 , 4.73095e+69
1.843 , -1.17267e+69 , 5.11131e+69
1.844 , -1.29724e+69 , 5.51921e+69
1.845 , -1.43477e+69 , 5.95624e+69
1.846 , -1.5866e+69 , 6.42405e+69
1.847 , -1.75417e+69 , 6.92429e+69
1.848 , -1.93908e+69 , 7.45863e+69
1.849 , -2.14309e+69 , 8.02876e+69
1.85 , -2.36814e+69 , 8.63631e+69
1.851 , -2.61635e+69 , 9.28292e+69
1.852 , -2.89005e+69 , 9.97013e+69
1.853 , -3.1918e+69 , 1.06994e+70
1.854 , -3.52443e+69 , 1.14721e+70
1.855 , -3.89102e+69 , 1.22893e+70
1.856 , -4.29497e+69 , 1.3152e+70
1.857 , -4.74e+69 , 1.40609e+70
1.858 , -5.2302e+69 , 1.50162e+70
1.859 , -5.77005e+69 , 1.6018e+70
1.86 , -6.36449e+69 , 1.70655e+70
1.861 , -7.01889e+69 , 1.81577e+70
1.862 , -7.73919e+69 , 1.92925e+70
1.863 , -8.53186e+69 , 2.04672e+70
1.864 , -9.40401e+69 , 2.16781e+70
1.865 , -1.03634e+70 , 2.29202e+70
1.866 , -1.14187e+70 , 2.41871e+70
1.867 , -1.2579e+70 , 2.5471e+70
1.868 , -1.38548e+70 , 2.67619e+70
1.869 , -1.52571e+70 , 2.8048e+70
1.87 , -1.67982e+70 , 2.93148e+70
1.871 , -1.84916e+70 , 3.05451e+70
1.872 , -2.03519e+70 , 3.17181e+70
1.873 , -2.23952e+70 , 3.28095e+70
1.874 , -2.4639e+70 , 3.37906e+70
1.875 , -2.71024e+70 , 3.46277e+70
1.876 , -2.98065e+70 , 3.52815e+70
1.877 , -3.2774e+70 , 3.57063e+70
1.878 , -3.603e+70 , 3.5849e+70
1.879 , -3.96019e+70 , 3.56482e+70
1.88 , -4.35193e+70 , 3.5033e+70
1.881 , -4.78148e+70 , 3.39218e+70
1.882 , -5.25238e+70 , 3.2221e+70
1.883 , -5.7685e+70 , 2.9823e+70
1.884 , -6.33406e+70 , 2.66048e+70
1.885 , -6.95365e+70 , 2.24258e+70
1.886 , -7.63227e+70 , 1.71257e+70
1.887 , -8.37538e+70 , 1.05216e+70
1.888 , -9.18891e+70 , 2.40546e+69
1.889 , -1.00793e+71 , -7.45899e+69
1.89 , -1.10537e+71 , -1.93401e+70
1.891 , -1.21195e+71 , -3.35421e+70
1.892 , -1.32853e+71 , -5.04096e+70
1.893 , -1.456e+71 , -7.03326e+70
1.894 , -1.59533e+71 , -9.3752e+70
1.895 , -1.7476e+71 , -1.21166e+71
1.896 , -1.91397e+71 , -1.53136e+71
1.897 , -2.09568e+71 , -1.90296e+71
1.898 , -2.29411e+71 , -2.33361e+71
1.899 , -2.51071e+71 , -2.83135e+71
1.9 , -2.7471e+71 , -3.40522e+71
1.901 , -3.005e+71 , -4.0654e+71
1.902 , -3.28629e+71 , -4.82333e+71
1.903 , -3.59299e+71 , -5.69185e+71
1.904 , -3.92729e+71 , -6.68538e+71
1.905 , -4.29156e+71 , -7.82008e+71
1.906 , -4.68836e+71 , -9.1141e+71
1.907 , -5.12045e+71 , -1.05877e+72
1.908 , -5.5908e+71 , -1.22637e+72
1.909 , -6.10263e+71 , -1.41676e+72
1.91 , -6.65938e+71 , -1.63278e+72
1.911 , -7.26478e+71 , -1.87763e+72
1.912 , -7.92283e+71 , -2.15486e+72
1.913 , -8.63783e+71 , -2.46846e+72
1.914 , -9.4144e+71 , -2.82287e+72
1.915 , -1.02575e+72 , -3.22306e+72
1.916 , -1.11724e+72 , -3.67458e+72
1.917 , -1.21648e+72 , -4.1836e+72
1.918 , -1.32408e+72 , -4.75702e+72
1.919 , -1.44069e+72 , -5.40252e+72
1.92 , -1.567e+72 , -6.12867e+72
1.921 , -1.70375e+72 , -6.94501e+72
1.922 , -1.85173e+72 , -7.86215e+72
1.923 , -2.01177e+72 , -8.89194e+72
1.924 , -2.18476e+72 , -1.00475e+73
1.925 , -2.37164e+72 , -1.13435e+73
1.926 , -2.57341e+72 , -1.27963e+73
1.927 , -2.7911e+72 , -1.44238e+73
1.928 , -3.02584e+72 , -1.62463e+73
1.929 , -3.27878e+72 , -1.82861e+73
1.93 , -3.55113e+72 , -2.0568e+73
1.931 , -3.84418e+72 , -2.31196e+73
1.932 , -4.15924e+72 , -2.59715e+73
1.933 , -4.4977e+72 , -2.91576e+73
1.934 , -4.86098e+72 , -3.27158e+73
1.935 , -5.25054e+72 , -3.66877e+73
1.936 , -5.6679e+72 , -4.11197e+73
1.937 , -6.11458e+72 , -4.60632e+73
1.938 , -6.59213e+72 , -5.15752e+73
1.939 , -7.10211e+72 , -5.77188e+73
1.94 , -7.64606e+72 , -6.45638e+73
1.941 , -8.22551e+72 , -7.21879e+73
1.942 , -8.84191e+72 , -8.06765e+73
1.943 , -9.49667e+72 , -9.01248e+73
1.944 , -1.01911e+73 , -1.00638e+74
1.945 , -1.09262e+73 , -1.12331e+74
1.946 , -1.17031e+73 , -1.25334e+74
1.947 , -1.25225e+73 , -1.39788e+74
1.948 , -1.33848e+73 , -1.55851e+74
1.949 , -1.429e+73 , -1.73696e+74
1.95 , -1.52379e+73 , -1.93516e+74
1.951 , -1.62274e+73 , -2.15521e+74
1.952 , -1.72572e+73 , -2.39947e+74
1.953 , -1.83249e+73 , -2.67053e+74
1.954 , -1.94275e+73 , -2.97123e+74
1.955 , -2.05606e+73 , -3.30473e+74
1.956 , -2.17191e+73 , -3.67451e+74
1.957 , -2.2896e+73 , -4.08441e+74
1.958 , -2.4083e+73 , -4.53867e+74
1.959 , -2.52697e+73 , -5.04195e+74
1.96 , -2.64437e+73 , -5.5994e+74
1.961 , -2.75898e+73 , -6.2167e+74
1.962 , -2.86902e+73 , -6.9001e+74
1.963 , -2.97236e+73 , -7.65651e+74
1.964 , -3.06648e+73 , -8.49351e+74
1.965 , -3.14844e+73 , -9.41946e+74
1.966 , -3.2148e+73 , -1.04436e+75
1.967 , -3.26153e+73 , -1.1576e+75
1.968 , -3.28398e+73 , -1.28279e+75
1.969 , -3.27673e+73 , -1.42116e+75
1.97 , -3.23357e+73 , -1.57405e+75
1.971 , -3.1473e+73 , -1.74295e+75
1.972 , -3.00965e+73 , -1.9295e+75
1.973 , -2.81115e+73 , -2.1355e+75
1.974 , -2.54095e+73 , -2.36292e+75
1.975 , -2.18663e+73 , -2.61392e+75
1.976 , -1.73402e+73 , -2.89091e+75
1.977 , -1.16697e+73 , -3.19649e+75
1.978 , -4.67104e+72 , -3.53354e+75
1.979 , 3.86476e+72 , -3.90523e+75
1.98 , 1.4175e+73 , -4.31503e+75
1.981 , 2.65287e+73 , -4.76673e+75
1.982 , 4.12307e+73 , -5.26452e+75
1.983 , 5.8626e+73 , -5.81299e+75
1.984 , 7.91048e+73 , -6.41715e+75
1.985 , 1.03108e+74 , -7.08252e+75
1.986 , 1.31132e+74 , -7.81514e+75
1.987 , 1.63739e+74 , -8.62163e+75
1.988 , 2.0156e+74 , -9.50924e+75
1.989 , 2.45308e+74 , -1.04859e+76
1.99 , 2.95782e+74 , -1.15604e+76
1.991 , 3.53885e+74 , -1.27422e+76
1.992 , 4.20626e+74 , -1.40417e+76
1.993 , 4.97144e+74 , -1.54704e+76
1.994 , 5.84713e+74 , -1.70407e+76
1.995 , 6.84764e+74 , -1.87663e+76
1.996 , 7.989e+74 , -2.06622e+76
1.997 , 9.28919e+74 , -2.27447e+76
1.998 , 1.07683e+75 , -2.50316e+76
1.999 , 1.24489e+75 , -2.75424e+76
2 , 1.43562e+75 , -3.02985e+76
