0 , 1 , 0
0 , 1 , 0
0.001 , 0.989845 , 9.94948e-08
0.002 , 0.979407 , 1.9796e-07
0.003 , 0.968751 , 2.95369e-07
0.004 , 0.957968 , 3.91705e-07
0.005 , 0.947167 , 4.86962e-07
0.006 , 0.936456 , 5.81142e-07
0.007 , 0.925933 , 6.7426e-07
0.008 , 0.915672 , 7.66337e-07
0.009 , 0.905718 , 8.57404e-07
0.01 , 0.896086 , 9.47492e-07
0.011 , 0.886761 , 1.03663e-06
0.012 , 0.877707 , 1.12485e-06
0.013 , 0.868874 , 1.21218e-06
0.014 , 0.860211 , 1.29863e-06
0.015 , 0.851675 , 1.38423e-06
0.016 , 0.843238 , 1.46897e-06
0.017 , 0.834892 , 1.55288e-06
0.018 , 0.826653 , 1.63596e-06
0.019 , 0.818549 , 1.71821e-06
0.02 , 0.810622 , 1.79967e-06
0.021 , 0.802914 , 1.88035e-06
0.022 , 0.795458 , 1.96026e-06
0.023 , 0.788269 , 2.03945e-06
0.024 , 0.781338 , 2.11793e-06
0.025 , 0.77463 , 2.19572e-06
0.026 , 0.768082 , 2.27286e-06
0.027 , 0.761614 , 2.34934e-06
0.028 , 0.755133 , 2.42518e-06
0.029 , 0.748547 , 2.50037e-06
0.03 , 0.741775 , 2.57488e-06
0.031 , 0.734761 , 2.64871e-06
0.032 , 0.727477 , 2.72183e-06
0.033 , 0.71993 , 2.7942e-06
0.034 , 0.712159 , 2.86581e-06
0.035 , 0.704233 , 2.93663e-06
0.036 , 0.696235 , 3.00665e-06
0.037 , 0.688259 , 3.07588e-06
0.038 , 0.680392 , 3.14431e-06
0.039 , 0.672708 , 3.21196e-06
0.04 , 0.665257 , 3.27886e-06
0.041 , 0.658064 , 3.34502e-06
0.042 , 0.651125 , 3.41048e-06
0.043 , 0.644418 , 3.47525e-06
0.044 , 0.637901 , 3.53937e-06
0.045 , 0.63153 , 3.60284e-06
0.046 , 0.62526 , 3.66568e-06
0.047 , 0.61906 , 3.7279e-06
0.048 , 0.612913 , 3.78949e-06
0.049 , 0.606822 , 3.85048e-06
0.05 , 0.600805 , 3.91086e-06
0.051 , 0.594895 , 3.97065e-06
0.052 , 0.589132 , 4.02985e-06
0.053 , 0.58355 , 4.08848e-06
0.054 , 0.578175 , 4.14656e-06
0.055 , 0.573016 , 4.20412e-06
0.056 , 0.568059 , 4.26118e-06
0.057 , 0.563266 , 4.31774e-06
0.058 , 0.55858 , 4.37383e-06
0.059 , 0.55393 , 4.42946e-06
0.06 , 0.549239 , 4.48462e-06
0.061 , 0.544434 , 4.5393e-06
0.062 , 0.539457 , 4.5935e-06
0.063 , 0.534272 , 4.64719e-06
0.064 , 0.528867 , 4.70035e-06
0.065 , 0.523262 , 4.75296e-06
0.066 , 0.5175 , 4.805e-06
0.067 , 0.511645 , 4.85645e-06
0.068 , 0.50577 , 4.90733e-06
0.069 , 0.499951 , 4.95761e-06
0.07 , 0.494253 , 5.00732e-06
0.071 , 0.488727 , 5.05647e-06
0.072 , 0.483401 , 5.10507e-06
0.073 , 0.47828 , 5.15316e-06
0.074 , 0.47335 , 5.20074e-06
0.075 , 0.468577 , 5.24783e-06
0.076 , 0.463923 , 5.29446e-06
0.077 , 0.459346 , 5.34062e-06
0.078 , 0.454809 , 5.38633e-06
0.079 , 0.450292 , 5.43158e-06
0.08 , 0.445786 , 5.47639e-06
0.081 , 0.441303 , 5.52074e-06
0.082 , 0.436867 , 5.56465e-06
0.083 , 0.432512 , 5.60812e-06
0.084 , 0.428273 , 5.65116e-06
0.085 , 0.424185 , 5.69378e-06
0.086 , 0.420266 , 5.736e-06
0.087 , 0.41652 , 5.77784e-06
0.088 , 0.412932 , 5.81931e-06
0.089 , 0.409468 , 5.86043e-06
0.09 , 0.406076 , 5.90121e-06
0.091 , 0.402697 , 5.94165e-06
0.092 , 0.399269 , 5.98175e-06
0.093 , 0.395737 , 6.0215e-06
0.094 , 0.392059 , 6.06089e-06
0.095 , 0.388216 , 6.09991e-06
0.096 , 0.384209 , 6.13853e-06
0.097 , 0.380063 , 6.17675e-06
0.098 , 0.375821 , 6.21454e-06
0.099 , 0.371538 , 6.25191e-06
0.1 , 0.367275 , 6.28885e-06
0.101 , 0.36309 , 6.32537e-06
0.102 , 0.359028 , 6.36148e-06
0.103 , 0.355119 , 6.39718e-06
0.104 , 0.351373 , 6.43251e-06
0.105 , 0.34778 , 6.46746e-06
0.106 , 0.344318 , 6.50207e-06
0.107 , 0.34095 , 6.53633e-06
0.108 , 0.337639 , 6.57026e-06
0.109 , 0.334348 , 6.60386e-06
0.11 , 0.331051 , 6.63713e-06
0.111 , 0.327734 , 6.67007e-06
0.112 , 0.324401 , 6.70268e-06
0.113 , 0.321066 , 6.73495e-06
0.114 , 0.317759 , 6.7669e-06
0.115 , 0.314514 , 6.79851e-06
0.116 , 0.311365 , 6.8298e-06
0.117 , 0.30834 , 6.86079e-06
0.118 , 0.305456 , 6.89148e-06
0.119 , 0.302714 , 6.92189e-06
0.12 , 0.300097 , 6.95203e-06
0.121 , 0.297574 , 6.98191e-06
0.122 , 0.295102 , 7.01154e-06
0.123 , 0.29263 , 7.04093e-06
0.124 , 0.290111 , 7.07007e-06
0.125 , 0.287504 , 7.09895e-06
0.126 , 0.284781 , 7.12757e-06
0.127 , 0.281934 , 7.15591e-06
0.128 , 0.278971 , 7.18395e-06
0.129 , 0.27592 , 7.2117e-06
0.13 , 0.27282 , 7.23914e-06
0.131 , 0.269718 , 7.26626e-06
0.132 , 0.266662 , 7.29308e-06
0.133 , 0.263691 , 7.3196e-06
0.134 , 0.260836 , 7.34583e-06
0.135 , 0.258108 , 7.37177e-06
0.136 , 0.255507 , 7.39745e-06
0.137 , 0.253012 , 7.42288e-06
0.138 , 0.250597 , 7.44806e-06
0.139 , 0.248225 , 7.473e-06
0.14 , 0.245863 , 7.49771e-06
0.141 , 0.243483 , 7.52218e-06
0.142 , 0.241065 , 7.5464e-06
0.143 , 0.238606 , 7.57039e-06
0.144 , 0.236114 , 7.59413e-06
0.145 , 0.233611 , 7.61761e-06
0.146 , 0.231126 , 7.64085e-06
0.147 , 0.228693 , 7.66384e-06
0.148 , 0.226342 , 7.68659e-06
0.149 , 0.224098 , 7.70911e-06
0.15 , 0.221973 , 7.73142e-06
0.151 , 0.219966 , 7.75351e-06
0.152 , 0.218058 , 7.77542e-06
0.153 , 0.216222 , 7.79713e-06
0.154 , 0.21442 , 7.81866e-06
0.155 , 0.212612 , 7.84002e-06
0.156 , 0.210759 , 7.86119e-06
0.157 , 0.208832 , 7.88217e-06
0.158 , 0.206816 , 7.90295e-06
0.159 , 0.204707 , 7.92353e-06
0.16 , 0.20252 , 7.94389e-06
0.161 , 0.200282 , 7.96403e-06
0.162 , 0.198027 , 7.98395e-06
0.163 , 0.195794 , 8.00364e-06
0.164 , 0.193618 , 8.02311e-06
0.165 , 0.191527 , 8.04237e-06
0.166 , 0.189537 , 8.06142e-06
0.167 , 0.187649 , 8.08028e-06
0.168 , 0.185853 , 8.09896e-06
0.169 , 0.184126 , 8.11745e-06
0.17 , 0.182438 , 8.13578e-06
0.171 , 0.180759 , 8.15394e-06
0.172 , 0.179059 , 8.17194e-06
0.173 , 0.177319 , 8.18976e-06
0.174 , 0.175527 , 8.2074e-06
0.175 , 0.173687 , 8.22486e-06
0.176 , 0.171811 , 8.24214e-06
0.177 , 0.169924 , 8.25923e-06
0.178 , 0.168055 , 8.27612e-06
0.179 , 0.166235 , 8.29284e-06
0.18 , 0.16449 , 8.30938e-06
0.181 , 0.162838 , 8.32574e-06
0.182 , 0.161288 , 8.34195e-06
0.183 , 0.159834 , 8.358e-06
0.184 , 0.158459 , 8.37392e-06
0.185 , 0.157135 , 8.3897e-06
0.186 , 0.155831 , 8.40535e-06
0.187 , 0.154513 , 8.42087e-06
0.188 , 0.153152 , 8.43625e-06
0.189 , 0.151728 , 8.4515e-06
0.19 , 0.150231 , 8.4666e-06
0.191 , 0.148665 , 8.48154e-06
0.192 , 0.147048 , 8.49633e-06
0.193 , 0.145403 , 8.51095e-06
0.194 , 0.143761 , 8.52541e-06
0.195 , 0.142152 , 8.53971e-06
0.196 , 0.140604 , 8.55385e-06
0.197 , 0.139133 , 8.56783e-06
0.198 , 0.137746 , 8.58168e-06
0.199 , 0.136438 , 8.59539e-06
0.2 , 0.135194 , 8.60897e-06
0.201 , 0.133991 , 8.62243e-06
0.202 , 0.132801 , 8.63577e-06
0.203 , 0.131598 , 8.64899e-06
0.204 , 0.13036 , 8.66209e-06
0.205 , 0.129073 , 8.67506e-06
0.206 , 0.127733 , 8.6879e-06
0.207 , 0.126349 , 8.70061e-06
0.208 , 0.124937 , 8.71317e-06
0.209 , 0.12352 , 8.7256e-06
0.21 , 0.122125 , 8.73788e-06
0.211 , 0.12078 , 8.75003e-06
0.212 , 0.119504 , 8.76204e-06
0.213 , 0.118311 , 8.77393e-06
0.214 , 0.117204 , 8.78571e-06
0.215 , 0.116173 , 8.79738e-06
0.216 , 0.1152 , 8.80895e-06
0.217 , 0.114261 , 8.82042e-06
0.218 , 0.113327 , 8.8318e-06
0.219 , 0.11237 , 8.84309e-06
0.22 , 0.11137 , 8.85427e-06
0.221 , 0.110312 , 8.86536e-06
0.222 , 0.109194 , 8.87634e-06
0.223 , 0.108023 , 8.8872e-06
0.224 , 0.106817 , 8.89794e-06
0.225 , 0.105598 , 8.90856e-06
0.226 , 0.104393 , 8.91906e-06
0.227 , 0.103227 , 8.92945e-06
0.228 , 0.102118 , 8.93971e-06
0.229 , 0.101076 , 8.94987e-06
0.23 , 0.100103 , 8.95993e-06
0.231 , 0.0991905 , 8.9699e-06
0.232 , 0.0983206 , 8.97977e-06
0.233 , 0.0974719 , 8.98956e-06
0.234 , 0.0966209 , 8.99927e-06
0.235 , 0.0957466 , 9.00889e-06
0.236 , 0.0948332 , 9.01842e-06
0.237 , 0.093873 , 9.02786e-06
0.238 , 0.0928676 , 9.03719e-06
0.239 , 0.0918273 , 9.04643e-06
0.24 , 0.0907698 , 9.05556e-06
0.241 , 0.0897172 , 9.06459e-06
0.242 , 0.088693 , 9.07351e-06
0.243 , 0.0877181 , 9.08233e-06
0.244 , 0.0868076 , 9.09106e-06
0.245 , 0.0859686 , 9.09969e-06
0.246 , 0.0851989 , 9.10825e-06
0.247 , 0.0844873 , 9.11674e-06
0.248 , 0.0838152 , 9.12515e-06
0.249 , 0.0831592 , 9.1335e-06
0.25 , 0.0824951 , 9.14179e-06
0.251 , 0.0818012 , 9.15e-06
0.252 , 0.0810615 , 9.15815e-06
0.253 , 0.0802684 , 9.16622e-06
0.254 , 0.0794236 , 9.1742e-06
0.255 , 0.0785375 , 9.1821e-06
0.256 , 0.0776274 , 9.18991e-06
0.257 , 0.0767149 , 9.19763e-06
0.258 , 0.0758222 , 9.20526e-06
0.259 , 0.0749684 , 9.2128e-06
0.26 , 0.0741671 , 9.22025e-06
0.261 , 0.0734237 , 9.22763e-06
0.262 , 0.0727356 , 9.23494e-06
0.263 , 0.0720922 , 9.24218e-06
0.264 , 0.0714771 , 9.24936e-06
0.265 , 0.0708709 , 9.25648e-06
0.266 , 0.0702541 , 9.26354e-06
0.267 , 0.0696108 , 9.27053e-06
0.268 , 0.0689306 , 9.27746e-06
0.269 , 0.0682105 , 9.28432e-06
0.27 , 0.0674553 , 9.2911e-06
0.271 , 0.0666769 , 9.29781e-06
0.272 , 0.0658923 , 9.30444e-06
0.273 , 0.0651212 , 9.31099e-06
0.274 , 0.0643824 , 9.31747e-06
0.275 , 0.0636918 , 9.32387e-06
0.276 , 0.0630589 , 9.33021e-06
0.277 , 0.0624857 , 9.33649e-06
0.278 , 0.0619666 , 9.34271e-06
0.279 , 0.0614883 , 9.34888e-06
0.28 , 0.0610327 , 9.35501e-06
0.281 , 0.0605787 , 9.36109e-06
0.282 , 0.0601062 , 9.36713e-06
0.283 , 0.0595984 , 9.37311e-06
0.284 , 0.0590447 , 9.37905e-06
0.285 , 0.0584422 , 9.38492e-06
0.286 , 0.0577959 , 9.39074e-06
0.287 , 0.0571178 , 9.39648e-06
0.288 , 0.056425 , 9.40216e-06
0.289 , 0.0557369 , 9.40777e-06
0.29 , 0.0550718 , 9.41331e-06
0.291 , 0.0544447 , 9.41879e-06
0.292 , 0.0538645 , 9.4242e-06
0.293 , 0.0533334 , 9.42956e-06
0.294 , 0.0528461 , 9.43487e-06
0.295 , 0.0523914 , 9.44014e-06
0.296 , 0.0519541 , 9.44536e-06
0.297 , 0.0515175 , 9.45053e-06
0.298 , 0.0510661 , 9.45566e-06
0.299 , 0.0505883 , 9.46074e-06
0.3 , 0.050078 , 9.46578e-06
0.301 , 0.0495354 , 9.47076e-06
0.302 , 0.0489676 , 9.47569e-06
0.303 , 0.0483868 , 9.48056e-06
0.304 , 0.0478084 , 9.48537e-06
0.305 , 0.0472491 , 9.49012e-06
0.306 , 0.0467238 , 9.49482e-06
0.307 , 0.0462434 , 9.49947e-06
0.308 , 0.0458128 , 9.50407e-06
0.309 , 0.0454305 , 9.50863e-06
0.31 , 0.0450882 , 9.51316e-06
0.311 , 0.0447724 , 9.51765e-06
0.312 , 0.0444658 , 9.52212e-06
0.313 , 0.0441504 , 9.52655e-06
0.314 , 0.0438101 , 9.53095e-06
0.315 , 0.0434327 , 9.53531e-06
0.316 , 0.0430122 , 9.53964e-06
0.317 , 0.0425492 , 9.54391e-06
0.318 , 0.0420511 , 9.54815e-06
0.319 , 0.0415305 , 9.55233e-06
0.32 , 0.0410034 , 9.55645e-06
0.321 , 0.0404864 , 9.56053e-06
0.322 , 0.0399945 , 9.56455e-06
0.323 , 0.0395386 , 9.56853e-06
0.324 , 0.039124 , 9.57246e-06
0.325 , 0.0387498 , 9.57636e-06
0.326 , 0.0384092 , 9.58022e-06
0.327 , 0.038091 , 9.58404e-06
0.328 , 0.0377813 , 9.58784e-06
0.329 , 0.0374661 , 9.5916e-06
0.33 , 0.0371333 , 9.59533e-06
0.331 , 0.0367749 , 9.59903e-06
0.332 , 0.0363881 , 9.60269e-06
0.333 , 0.0359756 , 9.60631e-06
0.334 , 0.0355456 , 9.60989e-06
0.335 , 0.0351098 , 9.61342e-06
0.336 , 0.0346823 , 9.61691e-06
0.337 , 0.0342766 , 9.62036e-06
0.338 , 0.0339041 , 9.62377e-06
0.339 , 0.0335718 , 9.62714e-06
0.34 , 0.0332814 , 9.63049e-06
0.341 , 0.0330289 , 9.6338e-06
0.342 , 0.0328049 , 9.63709e-06
0.343 , 0.0325962 , 9.64036e-06
0.344 , 0.0323878 , 9.64362e-06
0.345 , 0.0321647 , 9.64684e-06
0.346 , 0.0319147 , 9.65005e-06
0.347 , 0.0316297 , 9.65323e-06
0.348 , 0.0313073 , 9.65638e-06
0.349 , 0.0309506 , 9.65949e-06
0.35 , 0.0305681 , 9.66257e-06
0.351 , 0.0301723 , 9.6656e-06
0.352 , 0.0297771 , 9.6686e-06
0.353 , 0.0293964 , 9.67156e-06
0.354 , 0.0290416 , 9.67449e-06
0.355 , 0.0287199 , 9.67737e-06
0.356 , 0.0284332 , 9.68023e-06
0.357 , 0.0281784 , 9.68306e-06
0.358 , 0.0279477 , 9.68587e-06
0.359 , 0.02773 , 9.68866e-06
0.36 , 0.027513 , 9.69142e-06
0.361 , 0.027285 , 9.69416e-06
0.362 , 0.027037 , 9.69688e-06
0.363 , 0.0267638 , 9.69957e-06
0.364 , 0.0264653 , 9.70223e-06
0.365 , 0.026146 , 9.70486e-06
0.366 , 0.0258145 , 9.70746e-06
0.367 , 0.0254822 , 9.71003e-06
0.368 , 0.0251612 , 9.71256e-06
0.369 , 0.0248628 , 9.71506e-06
0.37 , 0.0245953 , 9.71754e-06
0.371 , 0.024363 , 9.71998e-06
0.372 , 0.0241653 , 9.72241e-06
0.373 , 0.0239968 , 9.72482e-06
0.374 , 0.0238483 , 9.72721e-06
0.375 , 0.0237077 , 9.72959e-06
0.376 , 0.0235623 , 9.73196e-06
0.377 , 0.0234004 , 9.73431e-06
0.378 , 0.0232132 , 9.73664e-06
0.379 , 0.022996 , 9.73895e-06
0.38 , 0.0227489 , 9.74124e-06
0.381 , 0.0224767 , 9.7435e-06
0.382 , 0.0221881 , 9.74574e-06
0.383 , 0.0218942 , 9.74794e-06
0.384 , 0.0216069 , 9.75012e-06
0.385 , 0.0213369 , 9.75226e-06
0.386 , 0.0210921 , 9.75439e-06
0.387 , 0.0208763 , 9.75649e-06
0.388 , 0.020689 , 9.75856e-06
0.389 , 0.0205251 , 9.76063e-06
0.39 , 0.0203761 , 9.76267e-06
0.391 , 0.0202316 , 9.7647e-06
0.392 , 0.0200808 , 9.76672e-06
0.393 , 0.0199142 , 9.76872e-06
0.394 , 0.0197254 , 9.7707e-06
0.395 , 0.0195118 , 9.77267e-06
0.396 , 0.0192753 , 9.77461e-06
0.397 , 0.0190216 , 9.77652e-06
0.398 , 0.0187596 , 9.77841e-06
0.399 , 0.0184999 , 9.78028e-06
0.4 , 0.0182532 , 9.78212e-06
0.401 , 0.0180285 , 9.78393e-06
0.402 , 0.017832 , 9.78572e-06
0.403 , 0.0176659 , 9.7875e-06
0.404 , 0.0175282 , 9.78926e-06
0.405 , 0.0174131 , 9.79101e-06
0.406 , 0.0173118 , 9.79275e-06
0.407 , 0.0172141 , 9.79447e-06
0.408 , 0.0171096 , 9.79619e-06
0.409 , 0.0169895 , 9.7979e-06
0.41 , 0.0168479 , 9.79959e-06
0.411 , 0.0166826 , 9.80127e-06
0.412 , 0.0164954 , 9.80293e-06
0.413 , 0.0162917 , 9.80457e-06
0.414 , 0.0160798 , 9.80619e-06
0.415 , 0.0158691 , 9.80779e-06
0.416 , 0.0156691 , 9.80936e-06
0.417 , 0.0154874 , 9.81092e-06
0.418 , 0.0153289 , 9.81246e-06
0.419 , 0.0151947 , 9.81399e-06
0.42 , 0.015082 , 9.81551e-06
0.421 , 0.0149846 , 9.81701e-06
0.422 , 0.014894 , 9.8185e-06
0.423 , 0.0148004 , 9.81999e-06
0.424 , 0.0146949 , 9.82147e-06
0.425 , 0.01457 , 9.82293e-06
0.426 , 0.0144216 , 9.82438e-06
0.427 , 0.0142493 , 9.82582e-06
0.428 , 0.0140565 , 9.82723e-06
0.429 , 0.0138497 , 9.82863e-06
0.43 , 0.0136379 , 9.83e-06
0.431 , 0.0134307 , 9.83136e-06
0.432 , 0.0132373 , 9.83269e-06
0.433 , 0.013065 , 9.83401e-06
0.434 , 0.012918 , 9.83531e-06
0.435 , 0.0127971 , 9.83659e-06
0.436 , 0.0126994 , 9.83787e-06
0.437 , 0.0126191 , 9.83914e-06
0.438 , 0.0125485 , 9.8404e-06
0.439 , 0.0124788 , 9.84165e-06
0.44 , 0.0124019 , 9.84289e-06
0.441 , 0.0123116 , 9.84413e-06
0.442 , 0.0122042 , 9.84536e-06
0.443 , 0.0120793 , 9.84657e-06
0.444 , 0.0119397 , 9.84778e-06
0.445 , 0.0117907 , 9.84896e-06
0.446 , 0.0116397 , 9.85014e-06
0.447 , 0.0114944 , 9.85129e-06
0.448 , 0.0113619 , 9.85244e-06
0.449 , 0.0112471 , 9.85357e-06
0.45 , 0.0111526 , 9.85469e-06
0.451 , 0.0110772 , 9.8558e-06
0.452 , 0.0110168 , 9.85691e-06
0.453 , 0.0109647 , 9.85801e-06
0.454 , 0.0109128 , 9.8591e-06
0.455 , 0.0108524 , 9.86019e-06
0.456 , 0.0107761 , 9.86127e-06
0.457 , 0.0106787 , 9.86235e-06
0.458 , 0.0105581 , 9.86341e-06
0.459 , 0.0104155 , 9.86446e-06
0.46 , 0.0102553 , 9.86549e-06
0.461 , 0.0100847 , 9.86651e-06
0.462 , 0.009912 , 9.86751e-06
0.463 , 0.00974598 , 9.8685e-06
0.464 , 0.00959424 , 9.86947e-06
0.465 , 0.00946227 , 9.87042e-06
0.466 , 0.00935275 , 9.87136e-06
0.467 , 0.00926522 , 9.87229e-06
0.468 , 0.00919637 , 9.87322e-06
0.469 , 0.00914064 , 9.87413e-06
0.47 , 0.00909116 , 9.87505e-06
0.471 , 0.00904086 , 9.87595e-06
0.472 , 0.00898359 , 9.87686e-06
0.473 , 0.00891499 , 9.87775e-06
0.474 , 0.00883317 , 9.87864e-06
0.475 , 0.00873888 , 9.87952e-06
0.476 , 0.00863537 , 9.88039e-06
0.477 , 0.00852777 , 9.88125e-06
0.478 , 0.00842224 , 9.8821e-06
0.479 , 0.00832491 , 9.88294e-06
0.48 , 0.0082408 , 9.88377e-06
0.481 , 0.00817297 , 9.88459e-06
0.482 , 0.00812186 , 9.8854e-06
0.483 , 0.00808518 , 9.88621e-06
0.484 , 0.0080581 , 9.88702e-06
0.485 , 0.00803394 , 9.88783e-06
0.486 , 0.00800521 , 9.88863e-06
0.487 , 0.00796472 , 9.88943e-06
0.488 , 0.00790673 , 9.89022e-06
0.489 , 0.00782785 , 9.89101e-06
0.49 , 0.00772758 , 9.89179e-06
0.491 , 0.00760844 , 9.89256e-06
0.492 , 0.00747554 , 9.89331e-06
0.493 , 0.00733583 , 9.89406e-06
0.494 , 0.00719705 , 9.89478e-06
0.495 , 0.0070666 , 9.8955e-06
0.496 , 0.00695047 , 9.8962e-06
0.497 , 0.0068525 , 9.89689e-06
0.498 , 0.00677391 , 9.89757e-06
0.499 , 0.00671328 , 9.89825e-06
0.5 , 0.00666696 , 9.89892e-06
0.501 , 0.00662971 , 9.89958e-06
0.502 , 0.00659565 , 9.90025e-06
0.503 , 0.00655911 , 9.9009e-06
0.504 , 0.00651556 , 9.90156e-06
0.505 , 0.00646225 , 9.90221e-06
0.506 , 0.00639855 , 9.90285e-06
0.507 , 0.006326 , 9.90349e-06
0.508 , 0.00624802 , 9.90412e-06
0.509 , 0.0061693 , 9.90474e-06
0.51 , 0.00609501 , 9.90536e-06
0.511 , 0.00602991 , 9.90596e-06
0.512 , 0.00597751 , 9.90656e-06
0.513 , 0.0059394 , 9.90716e-06
0.514 , 0.00591485 , 9.90776e-06
0.515 , 0.00590083 , 9.90835e-06
0.516 , 0.00589238 , 9.90894e-06
0.517 , 0.0058833 , 9.90953e-06
0.518 , 0.00586707 , 9.91012e-06
0.519 , 0.00583789 , 9.9107e-06
0.52 , 0.00579162 , 9.91128e-06
0.521 , 0.00572641 , 9.91186e-06
0.522 , 0.00564302 , 9.91243e-06
0.523 , 0.00554473 , 9.91299e-06
0.524 , 0.00543685 , 9.91354e-06
0.525 , 0.00532582 , 9.91408e-06
0.526 , 0.00521834 , 9.91461e-06
0.527 , 0.00512033 , 9.91513e-06
0.528 , 0.00503614 , 9.91564e-06
0.529 , 0.00496798 , 9.91614e-06
0.53 , 0.00491582 , 9.91663e-06
0.531 , 0.00487745 , 9.91712e-06
0.532 , 0.00484904 , 9.91761e-06
0.533 , 0.0048258 , 9.91809e-06
0.534 , 0.00480276 , 9.91858e-06
0.535 , 0.00477552 , 9.91906e-06
0.536 , 0.00474093 , 9.91953e-06
0.537 , 0.00469749 , 9.92001e-06
0.538 , 0.00464553 , 9.92048e-06
0.539 , 0.00458713 , 9.92094e-06
0.54 , 0.00452572 , 9.92139e-06
0.541 , 0.00446557 , 9.92184e-06
0.542 , 0.00441102 , 9.92229e-06
0.543 , 0.00436579 , 9.92273e-06
0.544 , 0.0043323 , 9.92317e-06
0.545 , 0.00431116 , 9.9236e-06
0.546 , 0.00430099 , 9.92403e-06
0.547 , 0.00429851 , 9.92446e-06
0.548 , 0.00429898 , 9.92489e-06
0.549 , 0.00429689 , 9.92532e-06
0.55 , 0.0042868 , 9.92575e-06
0.551 , 0.00426424 , 9.92618e-06
0.552 , 0.00422642 , 9.92661e-06
0.553 , 0.00417269 , 9.92703e-06
0.554 , 0.00410468 , 9.92744e-06
0.555 , 0.00402602 , 9.92785e-06
0.556 , 0.00394177 , 9.92825e-06
0.557 , 0.00385759 , 9.92864e-06
0.558 , 0.00377892 , 9.92902e-06
0.559 , 0.00371013 , 9.9294e-06
0.56 , 0.00365397 , 9.92977e-06
0.561 , 0.00361127 , 9.93013e-06
0.562 , 0.0035809 , 9.93049e-06
0.563 , 0.00356016 , 9.93085e-06
0.564 , 0.00354522 , 9.93121e-06
0.565 , 0.00353182 , 9.93156e-06
0.566 , 0.0035159 , 9.93192e-06
0.567 , 0.00349421 , 9.93227e-06
0.568 , 0.00346476 , 9.93262e-06
0.569 , 0.00342706 , 9.93296e-06
0.57 , 0.00338217 , 9.9333e-06
0.571 , 0.00333248 , 9.93364e-06
0.572 , 0.00328139 , 9.93397e-06
0.573 , 0.00323275 , 9.9343e-06
0.574 , 0.00319024 , 9.93462e-06
0.575 , 0.0031568 , 9.93494e-06
0.576 , 0.00313405 , 9.93525e-06
0.577 , 0.00312201 , 9.93557e-06
0.578 , 0.00311895 , 9.93588e-06
0.579 , 0.00312162 , 9.93619e-06
0.58 , 0.00312567 , 9.93651e-06
0.581 , 0.00312636 , 9.93682e-06
0.582 , 0.00311929 , 9.93713e-06
0.583 , 0.00310113 , 9.93745e-06
0.584 , 0.00307021 , 9.93776e-06
0.585 , 0.00302676 , 9.93806e-06
0.586 , 0.00297291 , 9.93836e-06
0.587 , 0.0029123 , 9.93866e-06
0.588 , 0.00284947 , 9.93895e-06
0.589 , 0.00278913 , 9.93923e-06
0.59 , 0.00273541 , 9.93951e-06
0.591 , 0.00269122 , 9.93978e-06
0.592 , 0.00265795 , 9.94005e-06
0.593 , 0.00263524 , 9.94031e-06
0.594 , 0.00262128 , 9.94058e-06
0.595 , 0.00261308 , 9.94084e-06
0.596 , 0.00260706 , 9.9411e-06
0.597 , 0.00259959 , 9.94136e-06
0.598 , 0.00258751 , 9.94162e-06
0.599 , 0.0025686 , 9.94188e-06
0.6 , 0.00254183 , 9.94214e-06
0.601 , 0.00250751 , 9.94239e-06
0.602 , 0.00246717 , 9.94264e-06
0.603 , 0.0024234 , 9.94289e-06
0.604 , 0.00237945 , 9.94313e-06
0.605 , 0.00233876 , 9.94337e-06
0.606 , 0.00230443 , 9.9436e-06
0.607 , 0.00227875 , 9.94383e-06
0.608 , 0.00226277 , 9.94406e-06
0.609 , 0.00225606 , 9.94428e-06
0.61 , 0.00225673 , 9.94451e-06
0.611 , 0.00226167 , 9.94474e-06
0.612 , 0.00226698 , 9.94496e-06
0.613 , 0.00226865 , 9.94519e-06
0.614 , 0.0022632 , 9.94542e-06
0.615 , 0.00224828 , 9.94565e-06
0.616 , 0.00222307 , 9.94587e-06
0.617 , 0.00218842 , 9.94609e-06
0.618 , 0.0021467 , 9.94631e-06
0.619 , 0.00210134 , 9.94652e-06
0.62 , 0.00205626 , 9.94673e-06
0.621 , 0.00201518 , 9.94694e-06
0.622 , 0.00198103 , 9.94714e-06
0.623 , 0.0019555 , 9.94734e-06
0.624 , 0.00193887 , 9.94753e-06
0.625 , 0.00193003 , 9.94773e-06
0.626 , 0.00192675 , 9.94792e-06
0.627 , 0.00192607 , 9.94811e-06
0.628 , 0.00192485 , 9.94831e-06
0.629 , 0.00192015 , 9.9485e-06
0.63 , 0.00190968 , 9.94869e-06
0.631 , 0.00189211 , 9.94888e-06
0.632 , 0.00186716 , 9.94907e-06
0.633 , 0.00183568 , 9.94926e-06
0.634 , 0.00179951 , 9.94944e-06
0.635 , 0.00176122 , 9.94962e-06
0.636 , 0.00172382 , 9.9498e-06
0.637 , 0.00169027 , 9.94997e-06
0.638 , 0.00166313 , 9.95014e-06
0.639 , 0.0016441 , 9.9503e-06
0.64 , 0.00163369 , 9.95047e-06
0.641 , 0.00163116 , 9.95063e-06
0.642 , 0.00163449 , 9.9508e-06
0.643 , 0.00164074 , 9.95096e-06
0.644 , 0.00164646 , 9.95113e-06
0.645 , 0.00164829 , 9.95129e-06
0.646 , 0.00164356 , 9.95146e-06
0.647 , 0.00163072 , 9.95162e-06
0.648 , 0.00160963 , 9.95179e-06
0.649 , 0.00158156 , 9.95195e-06
0.65 , 0.00154897 , 9.9521e-06
0.651 , 0.001515 , 9.95226e-06
0.652 , 0.00148292 , 9.95241e-06
0.653 , 0.00145558 , 9.95256e-06
0.654 , 0.00143491 , 9.9527e-06
0.655 , 0.00142168 , 9.95285e-06
0.656 , 0.00141541 , 9.95299e-06
0.657 , 0.00141457 , 9.95313e-06
0.658 , 0.00141684 , 9.95327e-06
0.659 , 0.00141955 , 9.95342e-06
0.66 , 0.00142008 , 9.95356e-06
0.661 , 0.00141621 , 9.9537e-06
0.662 , 0.00140644 , 9.95384e-06
0.663 , 0.00139011 , 9.95399e-06
0.664 , 0.0013675 , 9.95412e-06
0.665 , 0.00133976 , 9.95426e-06
0.666 , 0.00130879 , 9.95439e-06
0.667 , 0.001277 , 9.95452e-06
0.668 , 0.00124701 , 9.95465e-06
0.669 , 0.00122127 , 9.95478e-06
0.67 , 0.00120175 , 9.9549e-06
0.671 , 0.00118956 , 9.95502e-06
0.672 , 0.00118475 , 9.95514e-06
0.673 , 0.00118625 , 9.95526e-06
0.674 , 0.00119198 , 9.95538e-06
0.675 , 0.00119915 , 9.9555e-06
0.676 , 0.00120473 , 9.95562e-06
0.677 , 0.00120599 , 9.95574e-06
0.678 , 0.00120094 , 9.95586e-06
0.679 , 0.00118872 , 9.95598e-06
0.68 , 0.00116976 , 9.9561e-06
0.681 , 0.00114562 , 9.95622e-06
0.682 , 0.00111877 , 9.95633e-06
0.683 , 0.00109204 , 9.95644e-06
0.684 , 0.00106815 , 9.95655e-06
0.685 , 0.00104921 , 9.95666e-06
0.686 , 0.00103641 , 9.95677e-06
0.687 , 0.00102989 , 9.95687e-06
0.688 , 0.00102875 , 9.95697e-06
0.689 , 0.00103131 , 9.95708e-06
0.69 , 0.00103542 , 9.95718e-06
0.691 , 0.00103883 , 9.95729e-06
0.692 , 0.00103948 , 9.95739e-06
0.693 , 0.00103583 , 9.9575e-06
0.694 , 0.00102697 , 9.9576e-06
0.695 , 0.00101275 , 9.9577e-06
0.696 , 0.000993743 , 9.9578e-06
0.697 , 0.000971206 , 9.9579e-06
0.698 , 0.000946906 , 9.958e-06
0.699 , 0.000922931 , 9.9581e-06
0.7 , 0.000901424 , 9.95819e-06
0.701 , 0.000884284 , 9.95828e-06
0.702 , 0.000872863 , 9.95837e-06
0.703 , 0.000867717 , 9.95845e-06
0.704 , 0.000868455 , 9.95854e-06
0.705 , 0.000873731 , 9.95863e-06
0.706 , 0.000881416 , 9.95872e-06
0.707 , 0.000888924 , 9.95881e-06
0.708 , 0.000893645 , 9.9589e-06
0.709 , 0.000893409 , 9.95899e-06
0.71 , 0.000886885 , 9.95908e-06
0.711 , 0.000873821 , 9.95917e-06
0.712 , 0.000855088 , 9.95926e-06
0.713 , 0.000832503 , 9.95934e-06
0.714 , 0.000808477 , 9.95942e-06
0.715 , 0.000785564 , 9.95951e-06
0.716 , 0.000766004 , 9.95958e-06
0.717 , 0.000751358 , 9.95966e-06
0.718 , 0.000742293 , 9.95974e-06
0.719 , 0.000738546 , 9.95981e-06
0.72 , 0.000739054 , 9.95989e-06
0.721 , 0.000742206 , 9.95996e-06
0.722 , 0.000746147 , 9.96004e-06
0.723 , 0.000749075 , 9.96011e-06
0.724 , 0.000749489 , 9.96019e-06
0.725 , 0.000746365 , 9.96026e-06
0.726 , 0.000739243 , 9.96034e-06
0.727 , 0.000728254 , 9.96041e-06
0.728 , 0.000714089 , 9.96049e-06
0.729 , 0.000697911 , 9.96056e-06
0.73 , 0.000681231 , 9.96063e-06
0.731 , 0.00066573 , 9.9607e-06
0.732 , 0.000653036 , 9.96076e-06
0.733 , 0.000644475 , 9.96083e-06
0.734 , 0.000640832 , 9.96089e-06
0.735 , 0.00064216 , 9.96096e-06
0.736 , 0.000647687 , 9.96103e-06
0.737 , 0.000655874 , 9.96109e-06
0.738 , 0.000664612 , 9.96116e-06
0.739 , 0.00067156 , 9.96123e-06
0.74 , 0.000674542 , 9.96129e-06
0.741 , 0.000671954 , 9.96136e-06
0.742 , 0.000663059 , 9.96143e-06
0.743 , 0.000648141 , 9.9615e-06
0.744 , 0.000628446 , 9.96156e-06
0.745 , 0.00060595 , 9.96163e-06
0.746 , 0.000582988 , 9.96169e-06
0.747 , 0.000561841 , 9.96174e-06
0.748 , 0.000544346 , 9.9618e-06
0.749 , 0.000531632 , 9.96185e-06
0.75 , 0.000524002 , 9.96191e-06
0.751 , 0.00052098 , 9.96196e-06
0.752 , 0.000521488 , 9.96201e-06
0.753 , 0.000524093 , 9.96207e-06
0.754 , 0.000527277 , 9.96212e-06
0.755 , 0.000529666 , 9.96218e-06
0.756 , 0.000530207 , 9.96223e-06
0.757 , 0.000528259 , 9.96228e-06
0.758 , 0.000523636 , 9.96234e-06
0.759 , 0.000516594 , 9.96239e-06
0.76 , 0.000507786 , 9.96244e-06
0.761 , 0.000498188 , 9.96249e-06
0.762 , 0.000488992 , 9.96254e-06
0.763 , 0.000481454 , 9.96259e-06
0.764 , 0.000476712 , 9.96264e-06
0.765 , 0.000475581 , 9.96269e-06
0.766 , 0.000478356 , 9.96274e-06
0.767 , 0.000484683 , 9.96279e-06
0.768 , 0.000493519 , 9.96284e-06
0.769 , 0.000503229 , 9.96289e-06
0.77 , 0.000511814 , 9.96294e-06
0.771 , 0.000517234 , 9.96299e-06
0.772 , 0.000517774 , 9.96305e-06
0.773 , 0.000512374 , 9.9631e-06
0.774 , 0.000500839 , 9.96315e-06
0.775 , 0.000483897 , 9.9632e-06
0.776 , 0.00046307 , 9.96325e-06
0.777 , 0.000440405 , 9.9633e-06
0.778 , 0.000418103 , 9.96334e-06
0.779 , 0.000398155 , 9.96338e-06
0.78 , 0.000382031 , 9.96342e-06
0.781 , 0.000370505 , 9.96346e-06
0.782 , 0.000363621 , 9.9635e-06
0.783 , 0.000360795 , 9.96353e-06
0.784 , 0.000361007 , 9.96357e-06
0.785 , 0.000363039 , 9.96361e-06
0.786 , 0.000365687 , 9.96365e-06
0.787 , 0.000367936 , 9.96368e-06
0.788 , 0.000369063 , 9.96372e-06
0.789 , 0.000368682 , 9.96376e-06
0.79 , 0.000366749 , 9.9638e-06
0.791 , 0.000363536 , 9.96384e-06
0.792 , 0.00035959 , 9.96387e-06
0.793 , 0.00035567 , 9.96391e-06
0.794 , 0.000352661 , 9.96395e-06
0.795 , 0.000351445 , 9.96398e-06
0.796 , 0.000352751 , 9.96402e-06
0.797 , 0.000356982 , 9.96405e-06
0.798 , 0.000364063 , 9.96409e-06
0.799 , 0.000373355 , 9.96413e-06
0.8 , 0.000383665 , 9.96417e-06
0.801 , 0.000393374 , 9.96421e-06
0.802 , 0.000400675 , 9.96425e-06
0.803 , 0.000403882 , 9.96429e-06
0.804 , 0.000401745 , 9.96433e-06
0.805 , 0.000393706 , 9.96437e-06
0.806 , 0.000380026 , 9.96441e-06
0.807 , 0.000361763 , 9.96445e-06
0.808 , 0.000340596 , 9.96449e-06
0.809 , 0.000318527 , 9.96452e-06
0.81 , 0.000297548 , 9.96455e-06
0.811 , 0.000279323 , 9.96458e-06
0.812 , 0.000264966 , 9.96461e-06
0.813 , 0.000254937 , 9.96464e-06
0.814 , 0.00024908 , 9.96466e-06
0.815 , 0.000246754 , 9.96469e-06
0.816 , 0.000247028 , 9.96471e-06
0.817 , 0.000248884 , 9.96474e-06
0.818 , 0.000251387 , 9.96477e-06
0.819 , 0.000253793 , 9.96479e-06
0.82 , 0.000255614 , 9.96482e-06
0.821 , 0.00025662 , 9.96485e-06
0.822 , 0.000256833 , 9.96487e-06
0.823 , 0.000256496 , 9.9649e-06
0.824 , 0.000256043 , 9.96493e-06
0.825 , 0.000256048 , 9.96495e-06
0.826 , 0.000257152 , 9.96498e-06
0.827 , 0.000259957 , 9.96501e-06
0.828 , 0.00026489 , 9.96503e-06
0.829 , 0.00027206 , 9.96506e-06
0.83 , 0.000281147 , 9.96509e-06
0.831 , 0.000291353 , 9.96512e-06
0.832 , 0.000301449 , 9.96515e-06
0.833 , 0.000309926 , 9.96518e-06
0.834 , 0.000315235 , 9.96521e-06
0.835 , 0.000316063 , 9.96525e-06
0.836 , 0.0003116 , 9.96528e-06
0.837 , 0.000301713 , 9.96531e-06
0.838 , 0.000287007 , 9.96534e-06
0.839 , 0.000268737 , 9.96537e-06
0.84 , 0.000248596 , 9.9654e-06
0.841 , 0.000228432 , 9.96542e-06
0.842 , 0.000209943 , 9.96544e-06
0.843 , 0.000194432 , 9.96546e-06
0.844 , 0.000182654 , 9.96548e-06
0.845 , 0.000174791 , 9.9655e-06
0.846 , 0.000170523 , 9.96552e-06
0.847 , 0.000169181 , 9.96554e-06
0.848 , 0.000169926 , 9.96556e-06
0.849 , 0.000171919 , 9.96558e-06
0.85 , 0.000174434 , 9.96559e-06
0.851 , 0.000176937 , 9.96561e-06
0.852 , 0.000179099 , 9.96563e-06
0.853 , 0.000180795 , 9.96565e-06
0.854 , 0.000182083 , 9.96567e-06
0.855 , 0.000183183 , 9.96569e-06
0.856 , 0.000184452 , 9.96571e-06
0.857 , 0.000186344 , 9.96573e-06
0.858 , 0.000189341 , 9.96575e-06
0.859 , 0.000193861 , 9.96577e-06
0.86 , 0.000200134 , 9.96579e-06
0.861 , 0.000208087 , 9.96581e-06
0.862 , 0.000217263 , 9.96583e-06
0.863 , 0.000226806 , 9.96586e-06
0.864 , 0.00023554 , 9.96588e-06
0.865 , 0.000242132 , 9.9659e-06
0.866 , 0.000245319 , 9.96593e-06
0.867 , 0.00024415 , 9.96596e-06
0.868 , 0.000238194 , 9.96598e-06
0.869 , 0.000227644 , 9.966e-06
0.87 , 0.000213319 , 9.96603e-06
0.871 , 0.000196529 , 9.96605e-06
0.872 , 0.000178857 , 9.96607e-06
0.873 , 0.000161892 , 9.96609e-06
0.874 , 0.000146981 , 9.9661e-06
0.875 , 0.000135047 , 9.96612e-06
0.876 , 0.000126509 , 9.96613e-06
0.877 , 0.000121302 , 9.96615e-06
0.878 , 0.000118981 , 9.96616e-06
0.879 , 0.000118874 , 9.96617e-06
0.88 , 0.000120238 , 9.96618e-06
0.881 , 0.000122383 , 9.9662e-06
0.882 , 0.000124759 , 9.96621e-06
0.883 , 0.000126987 , 9.96622e-06
0.884 , 0.000128864 , 9.96624e-06
0.885 , 0.000130347 , 9.96625e-06
0.886 , 0.000131535 , 9.96627e-06
0.887 , 0.000132655 , 9.96628e-06
0.888 , 0.00013404 , 9.9663e-06
0.889 , 0.000136087 , 9.96631e-06
0.89 , 0.000139196 , 9.96632e-06
0.891 , 0.000143678 , 9.96634e-06
0.892 , 0.000149647 , 9.96636e-06
0.893 , 0.000156927 , 9.96637e-06
0.894 , 0.000164999 , 9.96639e-06
0.895 , 0.000173024 , 9.96641e-06
0.896 , 0.000179931 , 9.96643e-06
0.897 , 0.000184596 , 9.96644e-06
0.898 , 0.000186038 , 9.96646e-06
0.899 , 0.000183627 , 9.96648e-06
0.9 , 0.000177226 , 9.9665e-06
0.901 , 0.000167248 , 9.96652e-06
0.902 , 0.000154597 , 9.96654e-06
0.903 , 0.000140518 , 9.96655e-06
0.904 , 0.000126381 , 9.96657e-06
0.905 , 0.000113457 , 9.96658e-06
0.906 , 0.000102718 , 9.96659e-06
0.907 , 9.47259e-05 , 9.9666e-06
0.908 , 8.96045e-05 , 9.96661e-06
0.909 , 8.70958e-05 , 9.96662e-06
0.91 , 8.66774e-05 , 9.96663e-06
0.911 , 8.77013e-05 , 9.96664e-06
0.912 , 8.95216e-05 , 9.96665e-06
0.913 , 9.15868e-05 , 9.96666e-06
0.914 , 9.34907e-05 , 9.96667e-06
0.915 , 9.49856e-05 , 9.96668e-06
0.916 , 9.59746e-05 , 9.96669e-06
0.917 , 9.64952e-05 , 9.9667e-06
0.918 , 9.67058e-05 , 9.96672e-06
0.919 , 9.68702e-05 , 9.96673e-06
0.92 , 9.73358e-05 , 9.96674e-06
0.921 , 9.84907e-05 , 9.96675e-06
0.922 , 0.000100697 , 9.96676e-06
0.923 , 0.000104204 , 9.96677e-06
0.924 , 0.000109053 , 9.96678e-06
0.925 , 0.000115011 , 9.96679e-06
0.926 , 0.000121547 , 9.96681e-06
0.927 , 0.000127871 , 9.96682e-06
0.928 , 0.000133049 , 9.96683e-06
0.929 , 0.000136164 , 9.96685e-06
0.93 , 0.000136495 , 9.96686e-06
0.931 , 0.000133671 , 9.96688e-06
0.932 , 0.000127767 , 9.96689e-06
0.933 , 0.000119307 , 9.96691e-06
0.934 , 0.000109177 , 9.96692e-06
0.935 , 9.84712e-05 , 9.96693e-06
0.936 , 8.82927e-05 , 9.96694e-06
0.937 , 7.95738e-05 , 9.96695e-06
0.938 , 7.2938e-05 , 9.96696e-06
0.939 , 6.86368e-05 , 9.96697e-06
0.94 , 6.65647e-05 , 9.96697e-06
0.941 , 6.63373e-05 , 9.96698e-06
0.942 , 6.74051e-05 , 9.96699e-06
0.943 , 6.91736e-05 , 9.967e-06
0.944 , 7.11011e-05 , 9.967e-06
0.945 , 7.27625e-05 , 9.96701e-06
0.946 , 7.38776e-05 , 9.96702e-06
0.947 , 7.43122e-05 , 9.96703e-06
0.948 , 7.40663e-05 , 9.96704e-06
0.949 , 7.32603e-05 , 9.96705e-06
0.95 , 7.21209e-05 , 9.96705e-06
0.951 , 7.09651e-05 , 9.96706e-06
0.952 , 7.01715e-05 , 9.96707e-06
0.953 , 7.0132e-05 , 9.96708e-06
0.954 , 7.11826e-05 , 9.96709e-06
0.955 , 7.35221e-05 , 9.96709e-06
0.956 , 7.71372e-05 , 9.9671e-06
0.957 , 8.17565e-05 , 9.96711e-06
0.958 , 8.68545e-05 , 9.96712e-06
0.959 , 9.17131e-05 , 9.96713e-06
0.96 , 9.55388e-05 , 9.96714e-06
0.961 , 9.76101e-05 , 9.96715e-06
0.962 , 9.74249e-05 , 9.96716e-06
0.963 , 9.48124e-05 , 9.96717e-06
0.964 , 8.99795e-05 , 9.96718e-06
0.965 , 8.34805e-05 , 9.96719e-06
0.966 , 7.61146e-05 , 9.9672e-06
0.967 , 6.87767e-05 , 9.96721e-06
0.968 , 6.22948e-05 , 9.96722e-06
0.969 , 5.72915e-05 , 9.96723e-06
0.97 , 5.40977e-05 , 9.96723e-06
0.971 , 5.27308e-05 , 9.96724e-06
0.972 , 5.29357e-05 , 9.96724e-06
0.973 , 5.42693e-05 , 9.96725e-06
0.974 , 5.62025e-05 , 9.96726e-06
0.975 , 5.82175e-05 , 9.96726e-06
0.976 , 5.98796e-05 , 9.96727e-06
0.977 , 6.0879e-05 , 9.96728e-06
0.978 , 6.10447e-05 , 9.96729e-06
0.979 , 6.03406e-05 , 9.96729e-06
0.98 , 5.88536e-05 , 9.9673e-06
0.981 , 5.67803e-05 , 9.96731e-06
0.982 , 5.44117e-05 , 9.96731e-06
0.983 , 5.21115e-05 , 9.96732e-06
0.984 , 5.02794e-05 , 9.96733e-06
0.985 , 4.92977e-05 , 9.96733e-06
0.986 , 4.94629e-05 , 9.96734e-06
0.987 , 5.09151e-05 , 9.96734e-06
0.988 , 5.35832e-05 , 9.96735e-06
0.989 , 5.7164e-05 , 9.96736e-06
0.99 , 6.11484e-05 , 9.96736e-06
0.991 , 6.48969e-05 , 9.96737e-06
0.992 , 6.77533e-05 , 9.96738e-06
0.993 , 6.9172e-05 , 9.96739e-06
0.994 , 6.88315e-05 , 9.96739e-06
0.995 , 6.6705e-05 , 9.9674e-06
0.996 , 6.30708e-05 , 9.96741e-06
0.997 , 5.84589e-05 , 9.96742e-06
0.998 , 5.35458e-05 , 9.96742e-06
0.999 , 4.90232e-05 , 9.96743e-06
1 , 4.54705e-05 , 9.96743e-06
1.001 , 4.32582e-05 , 9.96744e-06
1.002 , 4.25011e-05 , 9.96744e-06
1.003 , 4.30661e-05 , 9.96745e-06
1.004 , 4.46243e-05 , 9.96746e-06
1.005 , 4.67313e-05 , 9.96746e-06
1.006 , 4.89133e-05 , 9.96747e-06
1.007 , 5.07411e-05 , 9.96747e-06
1.008 , 5.1882e-05 , 9.96748e-06
1.009 , 5.2126e-05 , 9.96749e-06
1.01 , 5.13932e-05 , 9.96749e-06
1.011 , 4.97276e-05 , 9.9675e-06
1.012 , 4.72865e-05 , 9.9675e-06
1.013 , 4.43263e-05 , 9.96751e-06
1.014 , 4.11828e-05 , 9.96751e-06
1.015 , 3.8242e-05 , 9.96752e-06
1.016 , 3.58972e-05 , 9.96752e-06
1.017 , 3.44925e-05 , 9.96753e-06
1.018 , 3.4261e-05 , 9.96753e-06
1.019 , 3.52692e-05 , 9.96754e-06
1.02 , 3.7384e-05 , 9.96754e-06
1.021 , 4.02751e-05 , 9.96755e-06
1.022 , 4.3459e-05 , 9.96755e-06
1.023 , 4.638e-05 , 9.96756e-06
1.024 , 4.85136e-05 , 9.96756e-06
1.025 , 4.94697e-05 , 9.96757e-06
1.026 , 4.9072e-05 , 9.96757e-06
1.027 , 4.73942e-05 , 9.96758e-06
1.028 , 4.47438e-05 , 9.96759e-06
1.029 , 4.15971e-05 , 9.96759e-06
1.03 , 3.8502e-05 , 9.9676e-06
1.031 , 3.59693e-05 , 9.9676e-06
1.032 , 3.43788e-05 , 9.96761e-06
1.033 , 3.39181e-05 , 9.96761e-06
1.034 , 3.45642e-05 , 9.96761e-06
1.035 , 3.61072e-05 , 9.96762e-06
1.036 , 3.8204e-05 , 9.96762e-06
1.037 , 4.04482e-05 , 9.96763e-06
1.038 , 4.24381e-05 , 9.96763e-06
1.039 , 4.38325e-05 , 9.96764e-06
1.04 , 4.43873e-05 , 9.96764e-06
1.041 , 4.39733e-05 , 9.96765e-06
1.042 , 4.25807e-05 , 9.96766e-06
1.043 , 4.03134e-05 , 9.96766e-06
1.044 , 3.73779e-05 , 9.96767e-06
1.045 , 3.4066e-05 , 9.96767e-06
1.046 , 3.07299e-05 , 9.96767e-06
1.047 , 2.77459e-05 , 9.96768e-06
1.048 , 2.54675e-05 , 9.96768e-06
1.049 , 2.41718e-05 , 9.96769e-06
1.05 , 2.4008e-05 , 9.96769e-06
1.051 , 2.49607e-05 , 9.96769e-06
1.052 , 2.68379e-05 , 9.9677e-06
1.053 , 2.92933e-05 , 9.9677e-06
1.054 , 3.18814e-05 , 9.9677e-06
1.055 , 3.41358e-05 , 9.96771e-06
1.056 , 3.56581e-05 , 9.96771e-06
1.057 , 3.61937e-05 , 9.96772e-06
1.058 , 3.56814e-05 , 9.96772e-06
1.059 , 3.42619e-05 , 9.96773e-06
1.06 , 3.22452e-05 , 9.96773e-06
1.061 , 3.00441e-05 , 9.96773e-06
1.062 , 2.80894e-05 , 9.96774e-06
1.063 , 2.67465e-05 , 9.96774e-06
1.064 , 2.62505e-05 , 9.96775e-06
1.065 , 2.66709e-05 , 9.96775e-06
1.066 , 2.79117e-05 , 9.96775e-06
1.067 , 2.97405e-05 , 9.96776e-06
1.068 , 3.18377e-05 , 9.96776e-06
1.069 , 3.38528e-05 , 9.96777e-06
1.07 , 3.54575e-05 , 9.96777e-06
1.071 , 3.63873e-05 , 9.96777e-06
1.072 , 3.64686e-05 , 9.96778e-06
1.073 , 3.5633e-05 , 9.96778e-06
1.074 , 3.39206e-05 , 9.96779e-06
1.075 , 3.14746e-05 , 9.96779e-06
1.076 , 2.8528e-05 , 9.9678e-06
1.077 , 2.53828e-05 , 9.9678e-06
1.078 , 2.23785e-05 , 9.9678e-06
1.079 , 1.98515e-05 , 9.96781e-06
1.08 , 1.80891e-05 , 9.96781e-06
1.081 , 1.7282e-05 , 9.96781e-06
1.082 , 1.74881e-05 , 9.96781e-06
1.083 , 1.8614e-05 , 9.96782e-06
1.084 , 2.04231e-05 , 9.96782e-06
1.085 , 2.25708e-05 , 9.96782e-06
1.086 , 2.46639e-05 , 9.96783e-06
1.087 , 2.63308e-05 , 9.96783e-06
1.088 , 2.72907e-05 , 9.96783e-06
1.089 , 2.74051e-05 , 9.96784e-06
1.09 , 2.67008e-05 , 9.96784e-06
1.091 , 2.53594e-05 , 9.96785e-06
1.092 , 2.36773e-05 , 9.96785e-06
1.093 , 2.20034e-05 , 9.96785e-06
1.094 , 2.0671e-05 , 9.96786e-06
1.095 , 1.99367e-05 , 9.96786e-06
1.096 , 1.99385e-05 , 9.96786e-06
1.097 , 2.06784e-05 , 9.96786e-06
1.098 , 2.20319e-05 , 9.96787e-06
1.099 , 2.37759e-05 , 9.96787e-06
1.1 , 2.56306e-05 , 9.96787e-06
1.101 , 2.73034e-05 , 9.96788e-06
1.102 , 2.85297e-05 , 9.96788e-06
1.103 , 2.91057e-05 , 9.96789e-06
1.104 , 2.89106e-05 , 9.96789e-06
1.105 , 2.79192e-05 , 9.96789e-06
1.106 , 2.62047e-05 , 9.9679e-06
1.107 , 2.3932e-05 , 9.9679e-06
1.108 , 2.1342e-05 , 9.9679e-06
1.109 , 1.87247e-05 , 9.96791e-06
1.11 , 1.63845e-05 , 9.96791e-06
1.111 , 1.45979e-05 , 9.96791e-06
1.112 , 1.35713e-05 , 9.96791e-06
1.113 , 1.34054e-05 , 9.96792e-06
1.114 , 1.40734e-05 , 9.96792e-06
1.115 , 1.5421e-05 , 9.96792e-06
1.116 , 1.71882e-05 , 9.96792e-06
1.117 , 1.90531e-05 , 9.96793e-06
1.118 , 2.06874e-05 , 9.96793e-06
1.119 , 2.18154e-05 , 9.96793e-06
1.12 , 2.22624e-05 , 9.96794e-06
1.121 , 2.19838e-05 , 9.96794e-06
1.122 , 2.10691e-05 , 9.96794e-06
1.123 , 1.97195e-05 , 9.96795e-06
1.124 , 1.82066e-05 , 9.96795e-06
1.125 , 1.68194e-05 , 9.96795e-06
1.126 , 1.58125e-05 , 9.96795e-06
1.127 , 1.53637e-05 , 9.96796e-06
1.128 , 1.55488e-05 , 9.96796e-06
1.129 , 1.63354e-05 , 9.96796e-06
1.13 , 1.75946e-05 , 9.96796e-06
1.131 , 1.91264e-05 , 9.96797e-06
1.132 , 2.06918e-05 , 9.96797e-06
1.133 , 2.20482e-05 , 9.96797e-06
1.134 , 2.29818e-05 , 9.96798e-06
1.135 , 2.33347e-05 , 9.96798e-06
1.136 , 2.3025e-05 , 9.96798e-06
1.137 , 2.20582e-05 , 9.96799e-06
1.138 , 2.05291e-05 , 9.96799e-06
1.139 , 1.86124e-05 , 9.96799e-06
1.14 , 1.65428e-05 , 9.968e-06
1.141 , 1.45845e-05 , 9.968e-06
1.142 , 1.29934e-05 , 9.968e-06
1.143 , 1.19781e-05 , 9.968e-06
1.144 , 1.16643e-05 , 9.968e-06
1.145 , 1.20717e-05 , 9.96801e-06
1.146 , 1.31073e-05 , 9.96801e-06
1.147 , 1.45794e-05 , 9.96801e-06
1.148 , 1.62288e-05 , 9.96801e-06
1.149 , 1.77737e-05 , 9.96802e-06
1.15 , 1.89583e-05 , 9.96802e-06
1.151 , 1.95972e-05 , 9.96802e-06
1.152 , 1.96049e-05 , 9.96803e-06
1.153 , 1.90073e-05 , 9.96803e-06
1.154 , 1.7932e-05 , 9.96803e-06
1.155 , 1.65814e-05 , 9.96803e-06
1.156 , 1.51942e-05 , 9.96804e-06
1.157 , 1.40038e-05 , 9.96804e-06
1.158 , 1.32006e-05 , 9.96804e-06
1.159 , 1.29048e-05 , 9.96804e-06
1.16 , 1.31519e-05 , 9.96805e-06
1.161 , 1.38927e-05 , 9.96805e-06
1.162 , 1.50042e-05 , 9.96805e-06
1.163 , 1.63101e-05 , 9.96805e-06
1.164 , 1.76071e-05 , 9.96806e-06
1.165 , 1.86924e-05 , 9.96806e-06
1.166 , 1.93914e-05 , 9.96806e-06
1.167 , 1.95819e-05 , 9.96806e-06
1.168 , 1.92128e-05 , 9.96807e-06
1.169 , 1.83135e-05 , 9.96807e-06
1.17 , 1.69938e-05 , 9.96807e-06
1.171 , 1.54309e-05 , 9.96808e-06
1.172 , 1.38454e-05 , 9.96808e-06
1.173 , 1.24686e-05 , 9.96808e-06
1.174 , 1.15049e-05 , 9.96808e-06
1.175 , 1.10969e-05 , 9.96809e-06
1.176 , 1.13002e-05 , 9.96809e-06
1.177 , 1.20714e-05 , 9.96809e-06
1.178 , 1.32751e-05 , 9.96809e-06
1.179 , 1.47061e-05 , 9.96809e-06
1.18 , 1.61262e-05 , 9.9681e-06
1.181 , 1.73045e-05 , 9.9681e-06
1.182 , 1.80574e-05 , 9.9681e-06
1.183 , 1.82774e-05 , 9.9681e-06
1.184 , 1.7948e-05 , 9.96811e-06
1.185 , 1.7141e-05 , 9.96811e-06
1.186 , 1.60005e-05 , 9.96811e-06
1.187 , 1.47144e-05 , 9.96812e-06
1.188 , 1.34832e-05 , 9.96812e-06
1.189 , 1.2488e-05 , 9.96812e-06
1.19 , 1.1866e-05 , 9.96812e-06
1.191 , 1.16929e-05 , 9.96812e-06
1.192 , 1.19764e-05 , 9.96813e-06
1.193 , 1.26577e-05 , 9.96813e-06
1.194 , 1.36217e-05 , 9.96813e-06
1.195 , 1.4713e-05 , 9.96813e-06
1.196 , 1.57568e-05 , 9.96814e-06
1.197 , 1.65823e-05 , 9.96814e-06
1.198 , 1.70477e-05 , 9.96814e-06
1.199 , 1.70614e-05 , 9.96814e-06
1.2 , 1.65992e-05 , 9.96815e-06
1.201 , 1.57115e-05 , 9.96815e-06
1.202 , 1.45194e-05 , 9.96815e-06
1.203 , 1.31983e-05 , 9.96815e-06
1.204 , 1.19511e-05 , 9.96816e-06
1.205 , 1.09744e-05 , 9.96816e-06
1.206 , 1.04239e-05 , 9.96816e-06
1.207 , 1.03859e-05 , 9.96816e-06
1.208 , 1.08615e-05 , 9.96816e-06
1.209 , 1.17653e-05 , 9.96817e-06
1.21 , 1.29413e-05 , 9.96817e-06
1.211 , 1.41909e-05 , 9.96817e-06
1.212 , 1.53089e-05 , 9.96817e-06
1.213 , 1.61186e-05 , 9.96818e-06
1.214 , 1.65002e-05 , 9.96818e-06
1.215 , 1.64079e-05 , 9.96818e-06
1.216 , 1.5872e-05 , 9.96818e-06
1.217 , 1.4989e-05 , 9.96819e-06
1.218 , 1.3901e-05 , 9.96819e-06
1.219 , 1.27715e-05 , 9.96819e-06
1.22 , 1.17595e-05 , 9.96819e-06
1.221 , 1.09984e-05 , 9.9682e-06
1.222 , 1.05793e-05 , 9.9682e-06
1.223 , 1.05427e-05 , 9.9682e-06
1.224 , 1.08747e-05 , 9.9682e-06
1.225 , 1.15103e-05 , 9.9682e-06
1.226 , 1.23416e-05 , 9.96821e-06
1.227 , 1.32307e-05 , 9.96821e-06
1.228 , 1.40275e-05 , 9.96821e-06
1.229 , 1.45898e-05 , 9.96821e-06
1.23 , 1.48056e-05 , 9.96822e-06
1.231 , 1.46124e-05 , 9.96822e-06
1.232 , 1.40112e-05 , 9.96822e-06
1.233 , 1.30709e-05 , 9.96822e-06
1.234 , 1.19206e-05 , 9.96823e-06
1.235 , 1.07305e-05 , 9.96823e-06
1.236 , 9.68354e-06 , 9.96823e-06
1.237 , 8.943e-06 , 9.96823e-06
1.238 , 8.62215e-06 , 9.96823e-06
1.239 , 8.76309e-06 , 9.96824e-06
1.24 , 9.32884e-06 , 9.96824e-06
1.241 , 1.02108e-05 , 9.96824e-06
1.242 , 1.12498e-05 , 9.96824e-06
1.243 , 1.22659e-05 , 9.96824e-06
1.244 , 1.30915e-05 , 9.96825e-06
1.245 , 1.35992e-05 , 9.96825e-06
1.246 , 1.37207e-05 , 9.96825e-06
1.247 , 1.34539e-05 , 9.96825e-06
1.248 , 1.28571e-05 , 9.96826e-06
1.249 , 1.20342e-05 , 9.96826e-06
1.25 , 1.11144e-05 , 9.96826e-06
1.251 , 1.0231e-05 , 9.96826e-06
1.252 , 9.50288e-06 , 9.96826e-06
1.253 , 9.02021e-06 , 9.96827e-06
1.254 , 8.83563e-06 , 9.96827e-06
1.255 , 8.96014e-06 , 9.96827e-06
1.256 , 9.36291e-06 , 9.96827e-06
1.257 , 9.9748e-06 , 9.96827e-06
1.258 , 1.06954e-05 , 9.96828e-06
1.259 , 1.14038e-05 , 9.96828e-06
1.26 , 1.19736e-05 , 9.96828e-06
1.261 , 1.2291e-05 , 9.96828e-06
1.262 , 1.22733e-05 , 9.96828e-06
1.263 , 1.18856e-05 , 9.96829e-06
1.264 , 1.11517e-05 , 9.96829e-06
1.265 , 1.01546e-05 , 9.96829e-06
1.266 , 9.02628e-06 , 9.96829e-06
1.267 , 7.92742e-06 , 9.96829e-06
1.268 , 7.01913e-06 , 9.9683e-06
1.269 , 6.43364e-06 , 9.9683e-06
1.27 , 6.24925e-06 , 9.9683e-06
1.271 , 6.47556e-06 , 9.9683e-06
1.272 , 7.0522e-06 , 9.9683e-06
1.273 , 7.8614e-06 , 9.9683e-06
1.274 , 8.75156e-06 , 9.96831e-06
1.275 , 9.56642e-06 , 9.96831e-06
1.276 , 1.01734e-05 , 9.96831e-06
1.277 , 1.04856e-05 , 9.96831e-06
1.278 , 1.04726e-05 , 9.96831e-06
1.279 , 1.01608e-05 , 9.96832e-06
1.28 , 9.62242e-06 , 9.96832e-06
1.281 , 8.95897e-06 , 9.96832e-06
1.282 , 8.28174e-06 , 9.96832e-06
1.283 , 7.69442e-06 , 9.96832e-06
1.284 , 7.27961e-06 , 9.96833e-06
1.285 , 7.0906e-06 , 9.96833e-06
1.286 , 7.14766e-06 , 9.96833e-06
1.287 , 7.43799e-06 , 9.96833e-06
1.288 , 7.91788e-06 , 9.96833e-06
1.289 , 8.51697e-06 , 9.96833e-06
1.29 , 9.14455e-06 , 9.96834e-06
1.291 , 9.69873e-06 , 9.96834e-06
1.292 , 1.00786e-05 , 9.96834e-06
1.293 , 1.01988e-05 , 9.96834e-06
1.294 , 1.00053e-05 , 9.96834e-06
1.295 , 9.48742e-06 , 9.96835e-06
1.296 , 8.68581e-06 , 9.96835e-06
1.297 , 7.69034e-06 , 9.96835e-06
1.298 , 6.62879e-06 , 9.96835e-06
1.299 , 5.64666e-06 , 9.96835e-06
1.3 , 4.88162e-06 , 9.96835e-06
1.301 , 4.43795e-06 , 9.96836e-06
1.302 , 4.36647e-06 , 9.96836e-06
1.303 , 4.65478e-06 , 9.96836e-06
1.304 , 5.23021e-06 , 9.96836e-06
1.305 , 5.97483e-06 , 9.96836e-06
1.306 , 6.74932e-06 , 9.96836e-06
1.307 , 7.42002e-06 , 9.96837e-06
1.308 , 7.88342e-06 , 9.96837e-06
1.309 , 8.08289e-06 , 9.96837e-06
1.31 , 8.01469e-06 , 9.96837e-06
1.311 , 7.72324e-06 , 9.96837e-06
1.312 , 7.28768e-06 , 9.96837e-06
1.313 , 6.80393e-06 , 9.96838e-06
1.314 , 6.3664e-06 , 9.96838e-06
1.315 , 6.05311e-06 , 9.96838e-06
1.316 , 5.91622e-06 , 9.96838e-06
1.317 , 5.97822e-06 , 9.96838e-06
1.318 , 6.23275e-06 , 9.96838e-06
1.319 , 6.64813e-06 , 9.96839e-06
1.32 , 7.17226e-06 , 9.96839e-06
1.321 , 7.73778e-06 , 9.96839e-06
1.322 , 8.26779e-06 , 9.96839e-06
1.323 , 8.68274e-06 , 9.96839e-06
1.324 , 8.90915e-06 , 9.96839e-06
1.325 , 8.89003e-06 , 9.9684e-06
1.326 , 8.59582e-06 , 9.9684e-06
1.327 , 8.03356e-06 , 9.9684e-06
1.328 , 7.25148e-06 , 9.9684e-06
1.329 , 6.33656e-06 , 9.9684e-06
1.33 , 5.40392e-06 , 9.96841e-06
1.331 , 4.57907e-06 , 9.96841e-06
1.332 , 3.97591e-06 , 9.96841e-06
1.333 , 3.67505e-06 , 9.96841e-06
1.334 , 3.70745e-06 , 9.96841e-06
1.335 , 4.04762e-06 , 9.96841e-06
1.336 , 4.6182e-06 , 9.96841e-06
1.337 , 5.30547e-06 , 9.96842e-06
1.338 , 5.98227e-06 , 9.96842e-06
1.339 , 6.53324e-06 , 9.96842e-06
1.34 , 6.87664e-06 , 9.96842e-06
1.341 , 6.97798e-06 , 9.96842e-06
1.342 , 6.85294e-06 , 9.96842e-06
1.343 , 6.55968e-06 , 9.96843e-06
1.344 , 6.18312e-06 , 9.96843e-06
1.345 , 5.81571e-06 , 9.96843e-06
1.346 , 5.5391e-06 , 9.96843e-06
1.347 , 5.41083e-06 , 9.96843e-06
1.348 , 5.45774e-06 , 9.96843e-06
1.349 , 5.67628e-06 , 9.96843e-06
1.35 , 6.03779e-06 , 9.96844e-06
1.351 , 6.49632e-06 , 9.96844e-06
1.352 , 6.9963e-06 , 9.96844e-06
1.353 , 7.47873e-06 , 9.96844e-06
1.354 , 7.88553e-06 , 9.96844e-06
1.355 , 8.16306e-06 , 9.96844e-06
1.356 , 8.26594e-06 , 9.96845e-06
1.357 , 8.16228e-06 , 9.96845e-06
1.358 , 7.84012e-06 , 9.96845e-06
1.359 , 7.31382e-06 , 9.96845e-06
1.36 , 6.62789e-06 , 9.96845e-06
1.361 , 5.85611e-06 , 9.96846e-06
1.362 , 5.09393e-06 , 9.96846e-06
1.363 , 4.44457e-06 , 9.96846e-06
1.364 , 4.00063e-06 , 9.96846e-06
1.365 , 3.82526e-06 , 9.96846e-06
1.366 , 3.93743e-06 , 9.96846e-06
1.367 , 4.30558e-06 , 9.96846e-06
1.368 , 4.85194e-06 , 9.96847e-06
1.369 , 5.4674e-06 , 9.96847e-06
1.37 , 6.03379e-06 , 9.96847e-06
1.371 , 6.44844e-06 , 9.96847e-06
1.372 , 6.64527e-06 , 9.96847e-06
1.373 , 6.60719e-06 , 9.96847e-06
1.374 , 6.36706e-06 , 9.96847e-06
1.375 , 5.99743e-06 , 9.96848e-06
1.376 , 5.59194e-06 , 9.96848e-06
1.377 , 5.24364e-06 , 9.96848e-06
1.378 , 5.02558e-06 , 9.96848e-06
1.379 , 4.97815e-06 , 9.96848e-06
1.38 , 5.10548e-06 , 9.96848e-06
1.381 , 5.38032e-06 , 9.96849e-06
1.382 , 5.75485e-06 , 9.96849e-06
1.383 , 6.17314e-06 , 9.96849e-06
1.384 , 6.58185e-06 , 9.96849e-06
1.385 , 6.93648e-06 , 9.96849e-06
1.386 , 7.20289e-06 , 9.96849e-06
1.387 , 7.35558e-06 , 9.9685e-06
1.388 , 7.37539e-06 , 9.9685e-06
1.389 , 7.24906e-06 , 9.9685e-06
1.39 , 6.972e-06 , 9.9685e-06
1.391 , 6.55381e-06 , 9.9685e-06
1.392 , 6.02406e-06 , 9.9685e-06
1.393 , 5.43527e-06 , 9.96851e-06
1.394 , 4.8601e-06 , 9.96851e-06
1.395 , 4.3815e-06 , 9.96851e-06
1.396 , 4.07687e-06 , 9.96851e-06
1.397 , 3.99988e-06 , 9.96851e-06
1.398 , 4.16486e-06 , 9.96851e-06
1.399 , 4.5388e-06 , 9.96851e-06
1.4 , 5.04439e-06 , 9.96852e-06
1.401 , 5.57444e-06 , 9.96852e-06
1.402 , 6.01491e-06 , 9.96852e-06
1.403 , 6.2708e-06 , 9.96852e-06
1.404 , 6.2882e-06 , 9.96852e-06
1.405 , 6.06658e-06 , 9.96852e-06
1.406 , 5.65785e-06 , 9.96853e-06
1.407 , 5.15249e-06 , 9.96853e-06
1.408 , 4.65672e-06 , 9.96853e-06
1.409 , 4.26701e-06 , 9.96853e-06
1.41 , 4.04885e-06 , 9.96853e-06
1.411 , 4.02511e-06 , 9.96853e-06
1.412 , 4.17649e-06 , 9.96853e-06
1.413 , 4.45241e-06 , 9.96854e-06
1.414 , 4.78835e-06 , 9.96854e-06
1.415 , 5.12349e-06 , 9.96854e-06
1.416 , 5.41339e-06 , 9.96854e-06
1.417 , 5.63458e-06 , 9.96854e-06
1.418 , 5.78101e-06 , 9.96854e-06
1.419 , 5.85529e-06 , 9.96854e-06
1.42 , 5.85935e-06 , 9.96855e-06
1.421 , 5.78903e-06 , 9.96855e-06
1.422 , 5.63512e-06 , 9.96855e-06
1.423 , 5.3909e-06 , 9.96855e-06
1.424 , 5.06258e-06 , 9.96855e-06
1.425 , 4.67824e-06 , 9.96855e-06
1.426 , 4.29015e-06 , 9.96856e-06
1.427 , 3.96788e-06 , 9.96856e-06
1.428 , 3.78271e-06 , 9.96856e-06
1.429 , 3.7873e-06 , 9.96856e-06
1.43 , 3.99677e-06 , 9.96856e-06
1.431 , 4.378e-06 , 9.96856e-06
1.432 , 4.85158e-06 , 9.96856e-06
1.433 , 5.30742e-06 , 9.96857e-06
1.434 , 5.63064e-06 , 9.96857e-06
1.435 , 5.73078e-06 , 9.96857e-06
1.436 , 5.56598e-06 , 9.96857e-06
1.437 , 5.15489e-06 , 9.96857e-06
1.438 , 4.57256e-06 , 9.96857e-06
1.439 , 3.93117e-06 , 9.96857e-06
1.44 , 3.35124e-06 , 9.96858e-06
1.441 , 2.93153e-06 , 9.96858e-06
1.442 , 2.72645e-06 , 9.96858e-06
1.443 , 2.73704e-06 , 9.96858e-06
1.444 , 2.91735e-06 , 9.96858e-06
1.445 , 3.19334e-06 , 9.96858e-06
1.446 , 3.4874e-06 , 9.96858e-06
1.447 , 3.74045e-06 , 9.96858e-06
1.448 , 3.92475e-06 , 9.96859e-06
1.449 , 4.04411e-06 , 9.96859e-06
1.45 , 4.12279e-06 , 9.96859e-06
1.451 , 4.18834e-06 , 9.96859e-06
1.452 , 4.25551e-06 , 9.96859e-06
1.453 , 4.31771e-06 , 9.96859e-06
1.454 , 4.34951e-06 , 9.96859e-06
1.455 , 4.31923e-06 , 9.9686e-06
1.456 , 4.2066e-06 , 9.9686e-06
1.457 , 4.01825e-06 , 9.9686e-06
1.458 , 3.79416e-06 , 9.9686e-06
1.459 , 3.60121e-06 , 9.9686e-06
1.46 , 3.51463e-06 , 9.9686e-06
1.461 , 3.59277e-06 , 9.9686e-06
1.462 , 3.85352e-06 , 9.96861e-06
1.463 , 4.26107e-06 , 9.96861e-06
1.464 , 4.72855e-06 , 9.96861e-06
1.465 , 5.13735e-06 , 9.96861e-06
1.466 , 5.36823e-06 , 9.96861e-06
1.467 , 5.33516e-06 , 9.96861e-06
1.468 , 5.01146e-06 , 9.96861e-06
1.469 , 4.4398e-06 , 9.96862e-06
1.47 , 3.72256e-06 , 9.96862e-06
1.471 , 2.99499e-06 , 9.96862e-06
1.472 , 2.38931e-06 , 9.96862e-06
1.473 , 2.00051e-06 , 9.96862e-06
1.474 , 1.86418e-06 , 9.96862e-06
1.475 , 1.95269e-06 , 9.96862e-06
1.476 , 2.19021e-06 , 9.96862e-06
1.477 , 2.48077e-06 , 9.96863e-06
1.478 , 2.73987e-06 , 9.96863e-06
1.479 , 2.91902e-06 , 9.96863e-06
1.48 , 3.01553e-06 , 9.96863e-06
1.481 , 3.06533e-06 , 9.96863e-06
1.482 , 3.12226e-06 , 9.96863e-06
1.483 , 3.23217e-06 , 9.96863e-06
1.484 , 3.41186e-06 , 9.96864e-06
1.485 , 3.6406e-06 , 9.96864e-06
1.486 , 3.86765e-06 , 9.96864e-06
1.487 , 4.03289e-06 , 9.96864e-06
1.488 , 4.09276e-06 , 9.96864e-06
1.489 , 4.04151e-06 , 9.96864e-06
1.49 , 3.91905e-06 , 9.96864e-06
1.491 , 3.80146e-06 , 9.96864e-06
1.492 , 3.77619e-06 , 9.96865e-06
1.493 , 3.9101e-06 , 9.96865e-06
1.494 , 4.22128e-06 , 9.96865e-06
1.495 , 4.66505e-06 , 9.96865e-06
1.496 , 5.14029e-06 , 9.96865e-06
1.497 , 5.51527e-06 , 9.96865e-06
1.498 , 5.66578e-06 , 9.96866e-06
1.499 , 5.51361e-06 , 9.96866e-06
1.5 , 5.05296e-06 , 9.96866e-06
1.501 , 4.35578e-06 , 9.96866e-06
1.502 , 3.55385e-06 , 9.96866e-06
1.503 , 2.80275e-06 , 9.96866e-06
1.504 , 2.23891e-06 , 9.96866e-06
1.505 , 1.94323e-06 , 9.96866e-06
1.506 , 1.92247e-06 , 9.96867e-06
1.507 , 2.11391e-06 , 9.96867e-06
1.508 , 2.4111e-06 , 9.96867e-06
1.509 , 2.70143e-06 , 9.96867e-06
1.51 , 2.90302e-06 , 9.96867e-06
1.511 , 2.98832e-06 , 9.96867e-06
1.512 , 2.98737e-06 , 9.96867e-06
1.513 , 2.97021e-06 , 9.96867e-06
1.514 , 3.01569e-06 , 9.96868e-06
1.515 , 3.17817e-06 , 9.96868e-06
1.516 , 3.46458e-06 , 9.96868e-06
1.517 , 3.83004e-06 , 9.96868e-06
1.518 , 4.19389e-06 , 9.96868e-06
1.519 , 4.4701e-06 , 9.96868e-06
1.52 , 4.60103e-06 , 9.96868e-06
1.521 , 4.5818e-06 , 9.96869e-06
1.522 , 4.46573e-06 , 9.96869e-06
1.523 , 4.34796e-06 , 9.96869e-06
1.524 , 4.33205e-06 , 9.96869e-06
1.525 , 4.49095e-06 , 9.96869e-06
1.526 , 4.83596e-06 , 9.96869e-06
1.527 , 5.30527e-06 , 9.96869e-06
1.528 , 5.77731e-06 , 9.9687e-06
1.529 , 6.10549e-06 , 9.9687e-06
1.53 , 6.16384e-06 , 9.9687e-06
1.531 , 5.88852e-06 , 9.9687e-06
1.532 , 5.30143e-06 , 9.9687e-06
1.533 , 4.5076e-06 , 9.9687e-06
1.534 , 3.6666e-06 , 9.96871e-06
1.535 , 2.94687e-06 , 9.96871e-06
1.536 , 2.47751e-06 , 9.96871e-06
1.537 , 2.31298e-06 , 9.96871e-06
1.538 , 2.42197e-06 , 9.96871e-06
1.539 , 2.70349e-06 , 9.96871e-06
1.54 , 3.02434e-06 , 9.96871e-06
1.541 , 3.26495e-06 , 9.96871e-06
1.542 , 3.35809e-06 , 9.96872e-06
1.543 , 3.30752e-06 , 9.96872e-06
1.544 , 3.18094e-06 , 9.96872e-06
1.545 , 3.08041e-06 , 9.96872e-06
1.546 , 3.10116e-06 , 9.96872e-06
1.547 , 3.29404e-06 , 9.96872e-06
1.548 , 3.64477e-06 , 9.96872e-06
1.549 , 4.07784e-06 , 9.96872e-06
1.55 , 4.48346e-06 , 9.96873e-06
1.551 , 4.75792e-06 , 9.96873e-06
1.552 , 4.84279e-06 , 9.96873e-06
1.553 , 4.74851e-06 , 9.96873e-06
1.554 , 4.5531e-06 , 9.96873e-06
1.555 , 4.37587e-06 , 9.96873e-06
1.556 , 4.33453e-06 , 9.96874e-06
1.557 , 4.50053e-06 , 9.96874e-06
1.558 , 4.86858e-06 , 9.96874e-06
1.559 , 5.3516e-06 , 9.96874e-06
1.56 , 5.80414e-06 , 9.96874e-06
1.561 , 6.0672e-06 , 9.96874e-06
1.562 , 6.02003e-06 , 9.96874e-06
1.563 , 5.6216e-06 , 9.96875e-06
1.564 , 4.92767e-06 , 9.96875e-06
1.565 , 4.07697e-06 , 9.96875e-06
1.566 , 3.2509e-06 , 9.96875e-06
1.567 , 2.61933e-06 , 9.96875e-06
1.568 , 2.29045e-06 , 9.96875e-06
1.569 , 2.28085e-06 , 9.96875e-06
1.57 , 2.5155e-06 , 9.96876e-06
1.571 , 2.85724e-06 , 9.96876e-06
1.572 , 3.15525e-06 , 9.96876e-06
1.573 , 3.29604e-06 , 9.96876e-06
1.574 , 3.23967e-06 , 9.96876e-06
1.575 , 3.02913e-06 , 9.96876e-06
1.576 , 2.77037e-06 , 9.96876e-06
1.577 , 2.59047e-06 , 9.96876e-06
1.578 , 2.58922e-06 , 9.96877e-06
1.579 , 2.80119e-06 , 9.96877e-06
1.58 , 3.18208e-06 , 9.96877e-06
1.581 , 3.62387e-06 , 9.96877e-06
1.582 , 3.99374e-06 , 9.96877e-06
1.583 , 4.18257e-06 , 9.96877e-06
1.584 , 4.14578e-06 , 9.96877e-06
1.585 , 3.92141e-06 , 9.96878e-06
1.586 , 3.61861e-06 , 9.96878e-06
1.587 , 3.3797e-06 , 9.96878e-06
1.588 , 3.32878e-06 , 9.96878e-06
1.589 , 3.52482e-06 , 9.96878e-06
1.59 , 3.93577e-06 , 9.96878e-06
1.591 , 4.44379e-06 , 9.96878e-06
1.592 , 4.88051e-06 , 9.96878e-06
1.593 , 5.08131e-06 , 9.96879e-06
1.594 , 4.94037e-06 , 9.96879e-06
1.595 , 4.44806e-06 , 9.96879e-06
1.596 , 3.69753e-06 , 9.96879e-06
1.597 , 2.85782e-06 , 9.96879e-06
1.598 , 2.12215e-06 , 9.96879e-06
1.599 , 1.64823e-06 , 9.96879e-06
1.6 , 1.51043e-06 , 9.9688e-06
1.601 , 1.6796e-06 , 9.9688e-06
1.602 , 2.03697e-06 , 9.9688e-06
1.603 , 2.41699e-06 , 9.9688e-06
1.604 , 2.66449e-06 , 9.9688e-06
1.605 , 2.68636e-06 , 9.9688e-06
1.606 , 2.48055e-06 , 9.9688e-06
1.607 , 2.13268e-06 , 9.9688e-06
1.608 , 1.78212e-06 , 9.96881e-06
1.609 , 1.56981e-06 , 9.96881e-06
1.61 , 1.58638e-06 , 9.96881e-06
1.611 , 1.83891e-06 , 9.96881e-06
1.612 , 2.24807e-06 , 9.96881e-06
1.613 , 2.67655e-06 , 9.96881e-06
1.614 , 2.97876e-06 , 9.96881e-06
1.615 , 3.05412e-06 , 9.96881e-06
1.616 , 2.88476e-06 , 9.96882e-06
1.617 , 2.54408e-06 , 9.96882e-06
1.618 , 2.17241e-06 , 9.96882e-06
1.619 , 1.92788e-06 , 9.96882e-06
1.62 , 1.92935e-06 , 9.96882e-06
1.621 , 2.21143e-06 , 9.96882e-06
1.622 , 2.70763e-06 , 9.96882e-06
1.623 , 3.26832e-06 , 9.96882e-06
1.624 , 3.70811e-06 , 9.96882e-06
1.625 , 3.86702e-06 , 9.96883e-06
1.626 , 3.66479e-06 , 9.96883e-06
1.627 , 3.1298e-06 , 9.96883e-06
1.628 , 2.39237e-06 , 9.96883e-06
1.629 , 1.64432e-06 , 9.96883e-06
1.63 , 1.07809e-06 , 9.96883e-06
1.631 , 8.25739e-07 , 9.96883e-06
1.632 , 9.18132e-07 , 9.96883e-06
1.633 , 1.27797e-06 , 9.96884e-06
1.634 , 1.74861e-06 , 9.96884e-06
1.635 , 2.14873e-06 , 9.96884e-06
1.636 , 2.33388e-06 , 9.96884e-06
1.637 , 2.24412e-06 , 9.96884e-06
1.638 , 1.92153e-06 , 9.96884e-06
1.639 , 1.49212e-06 , 9.96884e-06
1.64 , 1.1189e-06 , 9.96884e-06
1.641 , 9.42742e-07 , 9.96885e-06
1.642 , 1.03193e-06 , 9.96885e-06
1.643 , 1.35809e-06 , 9.96885e-06
1.644 , 1.80675e-06 , 9.96885e-06
1.645 , 2.21895e-06 , 9.96885e-06
1.646 , 2.44897e-06 , 9.96885e-06
1.647 , 2.4178e-06 , 9.96885e-06
1.648 , 2.14329e-06 , 9.96885e-06
1.649 , 1.73593e-06 , 9.96885e-06
1.65 , 1.36127e-06 , 9.96886e-06
1.651 , 1.18176e-06 , 9.96886e-06
1.652 , 1.29816e-06 , 9.96886e-06
1.653 , 1.71098e-06 , 9.96886e-06
1.654 , 2.31605e-06 , 9.96886e-06
1.655 , 2.93626e-06 , 9.96886e-06
1.656 , 3.37921e-06 , 9.96886e-06
1.657 , 3.50157e-06 , 9.96886e-06
1.658 , 3.25798e-06 , 9.96887e-06
1.659 , 2.71798e-06 , 9.96887e-06
1.66 , 2.04456e-06 , 9.96887e-06
1.661 , 1.44157e-06 , 9.96887e-06
1.662 , 1.08741e-06 , 9.96887e-06
1.663 , 1.07742e-06 , 9.96887e-06
1.664 , 1.39417e-06 , 9.96887e-06
1.665 , 1.91572e-06 , 9.96887e-06
1.666 , 2.45859e-06 , 9.96888e-06
1.667 , 2.84067e-06 , 9.96888e-06
1.668 , 2.94256e-06 , 9.96888e-06
1.669 , 2.74632e-06 , 9.96888e-06
1.67 , 2.33876e-06 , 9.96888e-06
1.671 , 1.87861e-06 , 9.96888e-06
1.672 , 1.53921e-06 , 9.96888e-06
1.673 , 1.44707e-06 , 9.96888e-06
1.674 , 1.63764e-06 , 9.96888e-06
1.675 , 2.04375e-06 , 9.96889e-06
1.676 , 2.52056e-06 , 9.96889e-06
1.677 , 2.89829e-06 , 9.96889e-06
1.678 , 3.0439e-06 , 9.96889e-06
1.679 , 2.91013e-06 , 9.96889e-06
1.68 , 2.55428e-06 , 9.96889e-06
1.681 , 2.1199e-06 , 9.96889e-06
1.682 , 1.78732e-06 , 9.96889e-06
1.683 , 1.71018e-06 , 9.9689e-06
1.684 , 1.95978e-06 , 9.9689e-06
1.685 , 2.49713e-06 , 9.9689e-06
1.686 , 3.18258e-06 , 9.9689e-06
1.687 , 3.8205e-06 , 9.9689e-06
1.688 , 4.224e-06 , 9.9689e-06
1.689 , 4.27781e-06 , 9.9689e-06
1.69 , 3.97774e-06 , 9.96891e-06
1.691 , 3.43317e-06 , 9.96891e-06
1.692 , 2.83145e-06 , 9.96891e-06
1.693 , 2.37603e-06 , 9.96891e-06
1.694 , 2.21932e-06 , 9.96891e-06
1.695 , 2.41288e-06 , 9.96891e-06
1.696 , 2.89176e-06 , 9.96891e-06
1.697 , 3.49808e-06 , 9.96891e-06
1.698 , 4.03557e-06 , 9.96892e-06
1.699 , 4.33636e-06 , 9.96892e-06
1.7 , 4.31705e-06 , 9.96892e-06
1.701 , 4.0052e-06 , 9.96892e-06
1.702 , 3.52726e-06 , 9.96892e-06
1.703 , 3.06282e-06 , 9.96892e-06
1.704 , 2.78105e-06 , 9.96892e-06
1.705 , 2.78174e-06 , 9.96893e-06
1.706 , 3.06131e-06 , 9.96893e-06
1.707 , 3.51562e-06 , 9.96893e-06
1.708 , 3.97823e-06 , 9.96893e-06
1.709 , 4.28077e-06 , 9.96893e-06
1.71 , 4.31405e-06 , 9.96893e-06
1.711 , 4.06842e-06 , 9.96893e-06
1.712 , 3.63901e-06 , 9.96893e-06
1.713 , 3.19377e-06 , 9.96894e-06
1.714 , 2.91518e-06 , 9.96894e-06
1.715 , 2.93576e-06 , 9.96894e-06
1.716 , 3.28986e-06 , 9.96894e-06
1.717 , 3.89876e-06 , 9.96894e-06
1.718 , 4.59458e-06 , 9.96894e-06
1.719 , 5.17528e-06 , 9.96894e-06
1.72 , 5.47211e-06 , 9.96895e-06
1.721 , 5.40666e-06 , 9.96895e-06
1.722 , 5.0177e-06 , 9.96895e-06
1.723 , 4.4488e-06 , 9.96895e-06
1.724 , 3.9005e-06 , 9.96895e-06
1.725 , 3.56345e-06 , 9.96895e-06
1.726 , 3.55498e-06 , 9.96895e-06
1.727 , 3.88066e-06 , 9.96896e-06
1.728 , 4.43385e-06 , 9.96896e-06
1.729 , 5.03296e-06 , 9.96896e-06
1.73 , 5.48377e-06 , 9.96896e-06
1.731 , 5.64511e-06 , 9.96896e-06
1.732 , 5.47576e-06 , 9.96896e-06
1.733 , 5.0465e-06 , 9.96896e-06
1.734 , 4.5137e-06 , 9.96897e-06
1.735 , 4.06382e-06 , 9.96897e-06
1.736 , 3.8484e-06 , 9.96897e-06
1.737 , 3.93195e-06 , 9.96897e-06
1.738 , 4.27087e-06 , 9.96897e-06
1.739 , 4.73048e-06 , 9.96897e-06
1.74 , 5.13403e-06 , 9.96897e-06
1.741 , 5.3264e-06 , 9.96898e-06
1.742 , 5.23016e-06 , 9.96898e-06
1.743 , 4.87435e-06 , 9.96898e-06
1.744 , 4.38564e-06 , 9.96898e-06
1.745 , 3.94491e-06 , 9.96898e-06
1.746 , 3.72413e-06 , 9.96898e-06
1.747 , 3.82538e-06 , 9.96899e-06
1.748 , 4.24338e-06 , 9.96899e-06
1.749 , 4.86459e-06 , 9.96899e-06
1.75 , 5.50374e-06 , 9.96899e-06
1.751 , 5.96538e-06 , 9.96899e-06
1.752 , 6.10956e-06 , 9.96899e-06
1.753 , 5.89928e-06 , 9.96899e-06
1.754 , 5.41325e-06 , 9.969e-06
1.755 , 4.81976e-06 , 9.969e-06
1.756 , 4.32015e-06 , 9.969e-06
1.757 , 4.08142e-06 , 9.969e-06
1.758 , 4.18063e-06 , 9.969e-06
1.759 , 4.57995e-06 , 9.969e-06
1.76 , 5.14075e-06 , 9.969e-06
1.761 , 5.67159e-06 , 9.96901e-06
1.762 , 5.99354e-06 , 9.96901e-06
1.763 , 6.00057e-06 , 9.96901e-06
1.764 , 5.69425e-06 , 9.96901e-06
1.765 , 5.18135e-06 , 9.96901e-06
1.766 , 4.63542e-06 , 9.96901e-06
1.767 , 4.236e-06 , 9.96902e-06
1.768 , 4.10655e-06 , 9.96902e-06
1.769 , 4.27262e-06 , 9.96902e-06
1.77 , 4.65462e-06 , 9.96902e-06
1.771 , 5.09729e-06 , 9.96902e-06
1.772 , 5.42565e-06 , 9.96902e-06
1.773 , 5.50753e-06 , 9.96902e-06
1.774 , 5.30108e-06 , 9.96903e-06
1.775 , 4.87042e-06 , 9.96903e-06
1.776 , 4.36409e-06 , 9.96903e-06
1.777 , 3.96351e-06 , 9.96903e-06
1.778 , 3.81946e-06 , 9.96903e-06
1.779 , 3.99846e-06 , 9.96903e-06
1.78 , 4.45783e-06 , 9.96903e-06
1.781 , 5.05821e-06 , 9.96904e-06
1.782 , 5.60949e-06 , 9.96904e-06
1.783 , 5.93457e-06 , 9.96904e-06
1.784 , 5.92921e-06 , 9.96904e-06
1.785 , 5.59743e-06 , 9.96904e-06
1.786 , 5.05042e-06 , 9.96904e-06
1.787 , 4.46926e-06 , 9.96904e-06
1.788 , 4.04403e-06 , 9.96905e-06
1.789 , 3.91021e-06 , 9.96905e-06
1.79 , 4.1038e-06 , 9.96905e-06
1.791 , 4.55034e-06 , 9.96905e-06
1.792 , 5.09137e-06 , 9.96905e-06
1.793 , 5.53896e-06 , 9.96905e-06
1.794 , 5.73967e-06 , 9.96906e-06
1.795 , 5.62598e-06 , 9.96906e-06
1.796 , 5.23778e-06 , 9.96906e-06
1.797 , 4.70697e-06 , 9.96906e-06
1.798 , 4.21074e-06 , 9.96906e-06
1.799 , 3.90995e-06 , 9.96906e-06
1.8 , 3.89401e-06 , 9.96906e-06
1.801 , 4.15108e-06 , 9.96907e-06
1.802 , 4.57381e-06 , 9.96907e-06
1.803 , 4.99824e-06 , 9.96907e-06
1.804 , 5.26221e-06 , 9.96907e-06
1.805 , 5.26287e-06 , 9.96907e-06
1.806 , 4.99324e-06 , 9.96907e-06
1.807 , 4.54509e-06 , 9.96907e-06
1.808 , 4.07728e-06 , 9.96908e-06
1.809 , 3.76029e-06 , 9.96908e-06
1.81 , 3.71644e-06 , 9.96908e-06
1.811 , 3.97627e-06 , 9.96908e-06
1.812 , 4.46638e-06 , 9.96908e-06
1.813 , 5.03302e-06 , 9.96908e-06
1.814 , 5.49355e-06 , 9.96908e-06
1.815 , 5.69799e-06 , 9.96909e-06
1.816 , 5.57995e-06 , 9.96909e-06
1.817 , 5.17929e-06 , 9.96909e-06
1.818 , 4.62886e-06 , 9.96909e-06
1.819 , 4.10987e-06 , 9.96909e-06
1.82 , 3.79111e-06 , 9.96909e-06
1.821 , 3.77266e-06 , 9.96909e-06
1.822 , 4.05315e-06 , 9.9691e-06
1.823 , 4.53151e-06 , 9.9691e-06
1.824 , 5.04234e-06 , 9.9691e-06
1.825 , 5.41263e-06 , 9.9691e-06
1.826 , 5.5203e-06 , 9.9691e-06
1.827 , 5.33473e-06 , 9.9691e-06
1.828 , 4.92551e-06 , 9.96911e-06
1.829 , 4.43703e-06 , 9.96911e-06
1.83 , 4.03773e-06 , 9.96911e-06
1.831 , 3.86195e-06 , 9.96911e-06
1.832 , 3.96416e-06 , 9.96911e-06
1.833 , 4.30146e-06 , 9.96911e-06
1.834 , 4.74985e-06 , 9.96911e-06
1.835 , 5.1486e-06 , 9.96912e-06
1.836 , 5.35692e-06 , 9.96912e-06
1.837 , 5.30334e-06 , 9.96912e-06
1.838 , 5.0108e-06 , 9.96912e-06
1.839 , 4.58856e-06 , 9.96912e-06
1.84 , 4.1941e-06 , 9.96912e-06
1.841 , 3.97806e-06 , 9.96912e-06
1.842 , 4.03137e-06 , 9.96913e-06
1.843 , 4.35279e-06 , 9.96913e-06
1.844 , 4.84815e-06 , 9.96913e-06
1.845 , 5.36153e-06 , 9.96913e-06
1.846 , 5.72788e-06 , 9.96913e-06
1.847 , 5.8289e-06 , 9.96913e-06
1.848 , 5.63326e-06 , 9.96913e-06
1.849 , 5.20742e-06 , 9.96914e-06
1.85 , 4.69338e-06 , 9.96914e-06
1.851 , 4.26105e-06 , 9.96914e-06
1.852 , 4.05145e-06 , 9.96914e-06
1.853 , 4.13e-06 , 9.96914e-06
1.854 , 4.46566e-06 , 9.96914e-06
1.855 , 4.94271e-06 , 9.96914e-06
1.856 , 5.40087e-06 , 9.96915e-06
1.857 , 5.69001e-06 , 9.96915e-06
1.858 , 5.7205e-06 , 9.96915e-06
1.859 , 5.49243e-06 , 9.96915e-06
1.86 , 5.09388e-06 , 9.96915e-06
1.861 , 4.66926e-06 , 9.96915e-06
1.862 , 4.36898e-06 , 9.96916e-06
1.863 , 4.29777e-06 , 9.96916e-06
1.864 , 4.47946e-06 , 9.96916e-06
1.865 , 4.85003e-06 , 9.96916e-06
1.866 , 5.28105e-06 , 9.96916e-06
1.867 , 5.6251e-06 , 9.96916e-06
1.868 , 5.76726e-06 , 9.96916e-06
1.869 , 5.66502e-06 , 9.96917e-06
1.87 , 5.36269e-06 , 9.96917e-06
1.871 , 4.97566e-06 , 9.96917e-06
1.872 , 4.64999e-06 , 9.96917e-06
1.873 , 4.51139e-06 , 9.96917e-06
1.874 , 4.62123e-06 , 9.96917e-06
1.875 , 4.95466e-06 , 9.96917e-06
1.876 , 5.40839e-06 , 9.96918e-06
1.877 , 5.8354e-06 , 9.96918e-06
1.878 , 6.09473e-06 , 9.96918e-06
1.879 , 6.0993e-06 , 9.96918e-06
1.88 , 5.84554e-06 , 9.96918e-06
1.881 , 5.41475e-06 , 9.96918e-06
1.882 , 4.94591e-06 , 9.96919e-06
1.883 , 4.5892e-06 , 9.96919e-06
1.884 , 4.45605e-06 , 9.96919e-06
1.885 , 4.58265e-06 , 9.96919e-06
1.886 , 4.91898e-06 , 9.96919e-06
1.887 , 5.34688e-06 , 9.96919e-06
1.888 , 5.72069e-06 , 9.96919e-06
1.889 , 5.91656e-06 , 9.9692e-06
1.89 , 5.87354e-06 , 9.9692e-06
1.891 , 5.61281e-06 , 9.9692e-06
1.892 , 5.22879e-06 , 9.9692e-06
1.893 , 4.85568e-06 , 9.9692e-06
1.894 , 4.62091e-06 , 9.9692e-06
1.895 , 4.60185e-06 , 9.96921e-06
1.896 , 4.8002e-06 , 9.96921e-06
1.897 , 5.14271e-06 , 9.96921e-06
1.898 , 5.50755e-06 , 9.96921e-06
1.899 , 5.76703e-06 , 9.96921e-06
1.9 , 5.83185e-06 , 9.96921e-06
1.901 , 5.68155e-06 , 9.96921e-06
1.902 , 5.37109e-06 , 9.96922e-06
1.903 , 5.01121e-06 , 9.96922e-06
1.904 , 4.72976e-06 , 9.96922e-06
1.905 , 4.62719e-06 , 9.96922e-06
1.906 , 4.74165e-06 , 9.96922e-06
1.907 , 5.03548e-06 , 9.96922e-06
1.908 , 5.40771e-06 , 9.96922e-06
1.909 , 5.72825e-06 , 9.96923e-06
1.91 , 5.88188e-06 , 9.96923e-06
1.911 , 5.80737e-06 , 9.96923e-06
1.912 , 5.51819e-06 , 9.96923e-06
1.913 , 5.09815e-06 , 9.96923e-06
1.914 , 4.67341e-06 , 9.96923e-06
1.915 , 4.37056e-06 , 9.96924e-06
1.916 , 4.27478e-06 , 9.96924e-06
1.917 , 4.40235e-06 , 9.96924e-06
1.918 , 4.69626e-06 , 9.96924e-06
1.919 , 5.04639e-06 , 9.96924e-06
1.92 , 5.327e-06 , 9.96924e-06
1.921 , 5.43879e-06 , 9.96924e-06
1.922 , 5.34139e-06 , 9.96925e-06
1.923 , 5.06551e-06 , 9.96925e-06
1.924 , 4.70104e-06 , 9.96925e-06
1.925 , 4.36548e-06 , 9.96925e-06
1.926 , 4.16367e-06 , 9.96925e-06
1.927 , 4.1526e-06 , 9.96925e-06
1.928 , 4.32304e-06 , 9.96925e-06
1.929 , 4.60397e-06 , 9.96926e-06
1.93 , 4.88794e-06 , 9.96926e-06
1.931 , 5.0684e-06 , 9.96926e-06
1.932 , 5.07626e-06 , 9.96926e-06
1.933 , 4.90303e-06 , 9.96926e-06
1.934 , 4.60314e-06 , 9.96926e-06
1.935 , 4.27453e-06 , 9.96927e-06
1.936 , 4.02464e-06 , 9.96927e-06
1.937 , 3.93331e-06 , 9.96927e-06
1.938 , 4.02529e-06 , 9.96927e-06
1.939 , 4.26167e-06 , 9.96927e-06
1.94 , 4.55295e-06 , 9.96927e-06
1.941 , 4.78932e-06 , 9.96927e-06
1.942 , 4.87766e-06 , 9.96928e-06
1.943 , 4.77299e-06 , 9.96928e-06
1.944 , 4.49364e-06 , 9.96928e-06
1.945 , 4.11524e-06 , 9.96928e-06
1.946 , 3.74568e-06 , 9.96928e-06
1.947 , 3.48954e-06 , 9.96928e-06
1.948 , 3.41381e-06 , 9.96928e-06
1.949 , 3.52647e-06 , 9.96928e-06
1.95 , 3.77465e-06 , 9.96929e-06
1.951 , 4.06298e-06 , 9.96929e-06
1.952 , 4.28555e-06 , 9.96929e-06
1.953 , 4.3609e-06 , 9.96929e-06
1.954 , 4.25823e-06 , 9.96929e-06
1.955 , 4.00644e-06 , 9.96929e-06
1.956 , 3.68319e-06 , 9.96929e-06
1.957 , 3.38803e-06 , 9.9693e-06
1.958 , 3.20878e-06 , 9.9693e-06
1.959 , 3.19251e-06 , 9.9693e-06
1.96 , 3.33069e-06 , 9.9693e-06
1.961 , 3.56323e-06 , 9.9693e-06
1.962 , 3.79977e-06 , 9.9693e-06
1.963 , 3.95075e-06 , 9.9693e-06
1.964 , 3.95771e-06 , 9.96931e-06
1.965 , 3.81267e-06 , 9.96931e-06
1.966 , 3.56023e-06 , 9.96931e-06
1.967 , 3.28183e-06 , 9.96931e-06
1.968 , 3.06768e-06 , 9.96931e-06
1.969 , 2.98596e-06 , 9.96931e-06
1.97 , 3.05962e-06 , 9.96931e-06
1.971 , 3.25852e-06 , 9.96931e-06
1.972 , 3.50948e-06 , 9.96932e-06
1.973 , 3.72078e-06 , 9.96932e-06
1.974 , 3.81289e-06 , 9.96932e-06
1.975 , 3.7451e-06 , 9.96932e-06
1.976 , 3.52925e-06 , 9.96932e-06
1.977 , 3.22608e-06 , 9.96932e-06
1.978 , 2.9254e-06 , 9.96932e-06
1.979 , 2.71676e-06 , 9.96933e-06
1.98 , 2.66032e-06 , 9.96933e-06
1.981 , 2.76739e-06 , 9.96933e-06
1.982 , 2.99715e-06 , 9.96933e-06
1.983 , 3.27032e-06 , 9.96933e-06
1.984 , 3.49521e-06 , 9.96933e-06
1.985 , 3.59762e-06 , 9.96933e-06
1.986 , 3.54456e-06 , 9.96933e-06
1.987 , 3.35438e-06 , 9.96934e-06
1.988 , 3.08985e-06 , 9.96934e-06
1.989 , 2.83697e-06 , 9.96934e-06
1.99 , 2.67641e-06 , 9.96934e-06
1.991 , 2.65711e-06 , 9.96934e-06
1.992 , 2.78081e-06 , 9.96934e-06
1.993 , 3.00224e-06 , 9.96934e-06
1.994 , 3.24496e-06 , 9.96935e-06
1.995 , 3.42724e-06 , 9.96935e-06
1.996 , 3.48948e-06 , 9.96935e-06
1.997 , 3.41391e-06 , 9.96935e-06
1.998 , 3.23023e-06 , 9.96935e-06
1.999 , 3.0053e-06 , 9.96935e-06
2 , 2.82042e-06 , 9.96935e-06
