0 , 1 , 0
0 , 1 , 0
0.001 , 0.997796 , 0.000999431
0.002 , 0.995204 , 0.00199746
0.003 , 0.992285 , 0.00299372
0.004 , 0.989127 , 0.00398794
0.005 , 0.985836 , 0.00497991
0.006 , 0.982523 , 0.00596956
0.007 , 0.979288 , 0.00695692
0.008 , 0.976211 , 0.0079421
0.009 , 0.973344 , 0.00892529
0.01 , 0.970706 , 0.00990672
0.011 , 0.968288 , 0.0108866
0.012 , 0.966057 , 0.0118651
0.013 , 0.963966 , 0.0128425
0.014 , 0.961964 , 0.0138188
0.015 , 0.960007 , 0.0147941
0.016 , 0.958069 , 0.0157684
0.017 , 0.956142 , 0.0167417
0.018 , 0.954243 , 0.0177142
0.019 , 0.952405 , 0.0186857
0.02 , 0.950675 , 0.0196564
0.021 , 0.9491 , 0.0206264
0.022 , 0.947721 , 0.0215959
0.023 , 0.946559 , 0.0225651
0.024 , 0.945609 , 0.0235342
0.025 , 0.944835 , 0.0245034
0.026 , 0.944175 , 0.0254729
0.027 , 0.943541 , 0.0264427
0.028 , 0.942832 , 0.0274129
0.029 , 0.941944 , 0.0283832
0.03 , 0.940785 , 0.0293534
0.031 , 0.939287 , 0.0303233
0.032 , 0.937413 , 0.0312925
0.033 , 0.935164 , 0.0322606
0.034 , 0.932578 , 0.0332273
0.035 , 0.929726 , 0.0341921
0.036 , 0.9267 , 0.035155
0.037 , 0.923604 , 0.0361158
0.038 , 0.920538 , 0.0370745
0.039 , 0.917587 , 0.0380311
0.04 , 0.914814 , 0.0389858
0.041 , 0.912252 , 0.0399388
0.042 , 0.909901 , 0.0408902
0.043 , 0.90774 , 0.0418404
0.044 , 0.905727 , 0.0427895
0.045 , 0.903809 , 0.0437375
0.046 , 0.90194 , 0.0446846
0.047 , 0.900082 , 0.0456307
0.048 , 0.898217 , 0.046576
0.049 , 0.896348 , 0.0475203
0.05 , 0.894498 , 0.0484637
0.051 , 0.892709 , 0.0494063
0.052 , 0.891028 , 0.050348
0.053 , 0.889502 , 0.0512891
0.054 , 0.888166 , 0.0522296
0.055 , 0.887032 , 0.0531699
0.056 , 0.886089 , 0.0541101
0.057 , 0.885295 , 0.0550504
0.058 , 0.884582 , 0.0559908
0.059 , 0.883866 , 0.0569315
0.06 , 0.88305 , 0.0578724
0.061 , 0.882045 , 0.0588133
0.062 , 0.880772 , 0.059754
0.063 , 0.879182 , 0.0606942
0.064 , 0.877257 , 0.0616337
0.065 , 0.875014 , 0.0625719
0.066 , 0.872502 , 0.0635087
0.067 , 0.869798 , 0.0644439
0.068 , 0.866991 , 0.0653772
0.069 , 0.864177 , 0.0663086
0.07 , 0.861441 , 0.0672382
0.071 , 0.85885 , 0.068166
0.072 , 0.856444 , 0.0690923
0.073 , 0.854235 , 0.0700172
0.074 , 0.852207 , 0.0709408
0.075 , 0.850325 , 0.0718635
0.076 , 0.848537 , 0.0727852
0.077 , 0.846792 , 0.0737062
0.078 , 0.845044 , 0.0746262
0.079 , 0.843264 , 0.0755455
0.08 , 0.841442 , 0.0764638
0.081 , 0.839594 , 0.0773813
0.082 , 0.83775 , 0.0782978
0.083 , 0.835958 , 0.0792134
0.084 , 0.834269 , 0.0801282
0.085 , 0.832729 , 0.0810422
0.086 , 0.831368 , 0.0819558
0.087 , 0.830195 , 0.082869
0.088 , 0.829193 , 0.083782
0.089 , 0.828318 , 0.0846949
0.09 , 0.827502 , 0.085608
0.091 , 0.826665 , 0.0865212
0.092 , 0.825721 , 0.0874343
0.093 , 0.824592 , 0.0883474
0.094 , 0.823219 , 0.0892601
0.095 , 0.821567 , 0.0901723
0.096 , 0.819635 , 0.0910835
0.097 , 0.817453 , 0.0919936
0.098 , 0.815076 , 0.0929024
0.099 , 0.812581 , 0.0938095
0.1 , 0.810051 , 0.0947151
0.101 , 0.807568 , 0.0956191
0.102 , 0.805199 , 0.0965215
0.103 , 0.802991 , 0.0974226
0.104 , 0.800961 , 0.0983224
0.105 , 0.799102 , 0.0992212
0.106 , 0.797382 , 0.100119
0.107 , 0.795753 , 0.101016
0.108 , 0.794161 , 0.101913
0.109 , 0.792554 , 0.102808
0.11 , 0.790893 , 0.103703
0.111 , 0.789157 , 0.104598
0.112 , 0.787348 , 0.105491
0.113 , 0.78549 , 0.106383
0.114 , 0.783625 , 0.107275
0.115 , 0.781806 , 0.108165
0.116 , 0.780085 , 0.109055
0.117 , 0.778508 , 0.109943
0.118 , 0.777102 , 0.110832
0.119 , 0.775872 , 0.111719
0.12 , 0.774797 , 0.112607
0.121 , 0.773831 , 0.113494
0.122 , 0.77291 , 0.114381
0.123 , 0.771959 , 0.115269
0.124 , 0.770902 , 0.116156
0.125 , 0.769676 , 0.117043
0.126 , 0.768234 , 0.117929
0.127 , 0.76656 , 0.118815
0.128 , 0.764664 , 0.1197
0.129 , 0.762582 , 0.120584
0.13 , 0.760375 , 0.121466
0.131 , 0.758115 , 0.122347
0.132 , 0.755877 , 0.123227
0.133 , 0.753725 , 0.124106
0.134 , 0.751709 , 0.124983
0.135 , 0.749853 , 0.125859
0.136 , 0.748158 , 0.126734
0.137 , 0.746598 , 0.127609
0.138 , 0.745129 , 0.128483
0.139 , 0.743697 , 0.129356
0.14 , 0.742246 , 0.130229
0.141 , 0.740728 , 0.131101
0.142 , 0.739114 , 0.131972
0.143 , 0.737392 , 0.132843
0.144 , 0.735577 , 0.133713
0.145 , 0.733703 , 0.134582
0.146 , 0.731818 , 0.135449
0.147 , 0.729981 , 0.136316
0.148 , 0.728244 , 0.137182
0.149 , 0.72665 , 0.138047
0.15 , 0.725223 , 0.138912
0.151 , 0.723962 , 0.139775
0.152 , 0.722842 , 0.140639
0.153 , 0.721816 , 0.141502
0.154 , 0.720822 , 0.142366
0.155 , 0.719791 , 0.143229
0.156 , 0.718658 , 0.144092
0.157 , 0.71737 , 0.144954
0.158 , 0.715896 , 0.145816
0.159 , 0.714231 , 0.146678
0.16 , 0.712393 , 0.147538
0.161 , 0.710428 , 0.148397
0.162 , 0.708394 , 0.149256
0.163 , 0.706358 , 0.150113
0.164 , 0.704382 , 0.150969
0.165 , 0.702519 , 0.151823
0.166 , 0.700798 , 0.152677
0.167 , 0.699228 , 0.15353
0.168 , 0.697792 , 0.154383
0.169 , 0.696452 , 0.155235
0.17 , 0.695158 , 0.156086
0.171 , 0.693852 , 0.156937
0.172 , 0.692483 , 0.157788
0.173 , 0.691011 , 0.158638
0.174 , 0.689414 , 0.159487
0.175 , 0.687695 , 0.160336
0.176 , 0.685878 , 0.161183
0.177 , 0.684006 , 0.16203
0.178 , 0.682133 , 0.162875
0.179 , 0.680317 , 0.16372
0.18 , 0.67861 , 0.164563
0.181 , 0.67705 , 0.165406
0.182 , 0.675652 , 0.166248
0.183 , 0.674411 , 0.16709
0.184 , 0.673295 , 0.167931
0.185 , 0.672256 , 0.168772
0.186 , 0.671233 , 0.169613
0.187 , 0.670163 , 0.170454
0.188 , 0.668989 , 0.171295
0.189 , 0.66767 , 0.172135
0.19 , 0.666187 , 0.172974
0.191 , 0.664545 , 0.173813
0.192 , 0.66277 , 0.174651
0.193 , 0.660912 , 0.175488
0.194 , 0.659026 , 0.176324
0.195 , 0.657174 , 0.177158
0.196 , 0.655408 , 0.177992
0.197 , 0.653766 , 0.178825
0.198 , 0.652264 , 0.179658
0.199 , 0.650896 , 0.180489
0.2 , 0.649634 , 0.18132
0.201 , 0.648434 , 0.182151
0.202 , 0.647241 , 0.182982
0.203 , 0.646001 , 0.183812
0.204 , 0.644669 , 0.184641
0.205 , 0.643213 , 0.18547
0.206 , 0.641625 , 0.186298
0.207 , 0.639917 , 0.187126
0.208 , 0.638122 , 0.187953
0.209 , 0.636289 , 0.188778
0.21 , 0.634475 , 0.189603
0.211 , 0.632735 , 0.190426
0.212 , 0.631115 , 0.191249
0.213 , 0.629645 , 0.192071
0.214 , 0.628333 , 0.192893
0.215 , 0.627162 , 0.193714
0.216 , 0.626097 , 0.194534
0.217 , 0.625086 , 0.195355
0.218 , 0.624069 , 0.196175
0.219 , 0.622989 , 0.196995
0.22 , 0.621798 , 0.197815
0.221 , 0.620465 , 0.198634
0.222 , 0.618981 , 0.199453
0.223 , 0.61736 , 0.200271
0.224 , 0.615638 , 0.201088
0.225 , 0.613862 , 0.201905
0.226 , 0.61209 , 0.20272
0.227 , 0.610375 , 0.203534
0.228 , 0.608761 , 0.204348
0.229 , 0.607273 , 0.205161
0.23 , 0.605918 , 0.205973
0.231 , 0.604678 , 0.206784
0.232 , 0.60352 , 0.207596
0.233 , 0.602394 , 0.208407
0.234 , 0.601248 , 0.209217
0.235 , 0.600034 , 0.210028
0.236 , 0.598713 , 0.210837
0.237 , 0.597266 , 0.211647
0.238 , 0.595693 , 0.212455
0.239 , 0.594017 , 0.213263
0.24 , 0.592278 , 0.21407
0.241 , 0.590526 , 0.214876
0.242 , 0.588816 , 0.215681
0.243 , 0.5872 , 0.216485
0.244 , 0.585713 , 0.217288
0.245 , 0.584377 , 0.218091
0.246 , 0.583186 , 0.218893
0.247 , 0.582118 , 0.219695
0.248 , 0.58113 , 0.220497
0.249 , 0.580167 , 0.221298
0.25 , 0.579174 , 0.2221
0.251 , 0.578096 , 0.222901
0.252 , 0.576895 , 0.223701
0.253 , 0.575552 , 0.224502
0.254 , 0.574066 , 0.225302
0.255 , 0.57246 , 0.226101
0.256 , 0.570775 , 0.226899
0.257 , 0.569062 , 0.227696
0.258 , 0.567374 , 0.228492
0.259 , 0.56576 , 0.229288
0.26 , 0.564255 , 0.230082
0.261 , 0.562875 , 0.230876
0.262 , 0.561616 , 0.23167
0.263 , 0.560456 , 0.232463
0.264 , 0.559356 , 0.233256
0.265 , 0.558266 , 0.234048
0.266 , 0.557139 , 0.23484
0.267 , 0.555932 , 0.235632
0.268 , 0.554616 , 0.236423
0.269 , 0.553182 , 0.237214
0.27 , 0.551639 , 0.238004
0.271 , 0.550018 , 0.238793
0.272 , 0.54836 , 0.239582
0.273 , 0.546718 , 0.240369
0.274 , 0.545142 , 0.241156
0.275 , 0.543674 , 0.241942
0.276 , 0.542341 , 0.242727
0.277 , 0.541152 , 0.243512
0.278 , 0.540093 , 0.244297
0.279 , 0.539131 , 0.245081
0.28 , 0.53822 , 0.245865
0.281 , 0.537304 , 0.246649
0.282 , 0.53633 , 0.247433
0.283 , 0.535253 , 0.248217
0.284 , 0.534041 , 0.249
0.285 , 0.532686 , 0.249783
0.286 , 0.531198 , 0.250565
0.287 , 0.529607 , 0.251346
0.288 , 0.527957 , 0.252127
0.289 , 0.5263 , 0.252906
0.29 , 0.524687 , 0.253685
0.291 , 0.52316 , 0.254463
0.292 , 0.521746 , 0.25524
0.293 , 0.520454 , 0.256017
0.294 , 0.519271 , 0.256793
0.295 , 0.51817 , 0.257569
0.296 , 0.517109 , 0.258345
0.297 , 0.516042 , 0.25912
0.298 , 0.514924 , 0.259895
0.299 , 0.51372 , 0.26067
0.3 , 0.512412 , 0.261444
0.301 , 0.510998 , 0.262217
0.302 , 0.509496 , 0.26299
0.303 , 0.50794 , 0.263762
0.304 , 0.506376 , 0.264534
0.305 , 0.50485 , 0.265304
0.306 , 0.503409 , 0.266074
0.307 , 0.502086 , 0.266843
0.308 , 0.500898 , 0.267612
0.309 , 0.499841 , 0.26838
0.31 , 0.498895 , 0.269148
0.311 , 0.498019 , 0.269916
0.312 , 0.497164 , 0.270684
0.313 , 0.496278 , 0.271452
0.314 , 0.495311 , 0.27222
0.315 , 0.494225 , 0.272987
0.316 , 0.493002 , 0.273754
0.317 , 0.491639 , 0.274521
0.318 , 0.490158 , 0.275286
0.319 , 0.488594 , 0.276051
0.32 , 0.486993 , 0.276816
0.321 , 0.485407 , 0.277579
0.322 , 0.483882 , 0.278342
0.323 , 0.482452 , 0.279103
0.324 , 0.481136 , 0.279865
0.325 , 0.479934 , 0.280626
0.326 , 0.478829 , 0.281386
0.327 , 0.477786 , 0.282146
0.328 , 0.476764 , 0.282906
0.329 , 0.475718 , 0.283665
0.33 , 0.47461 , 0.284425
0.331 , 0.473412 , 0.285183
0.332 , 0.472114 , 0.285942
0.333 , 0.470721 , 0.286699
0.334 , 0.469259 , 0.287456
0.335 , 0.467765 , 0.288213
0.336 , 0.466284 , 0.288968
0.337 , 0.464862 , 0.289723
0.338 , 0.463535 , 0.290478
0.339 , 0.46233 , 0.291231
0.34 , 0.461254 , 0.291985
0.341 , 0.460296 , 0.292738
0.342 , 0.459426 , 0.293491
0.343 , 0.458603 , 0.294244
0.344 , 0.457777 , 0.294997
0.345 , 0.456898 , 0.295749
0.346 , 0.455924 , 0.296502
0.347 , 0.454828 , 0.297254
0.348 , 0.453598 , 0.298006
0.349 , 0.452243 , 0.298757
0.35 , 0.45079 , 0.299508
0.351 , 0.449279 , 0.300258
0.352 , 0.447757 , 0.301007
0.353 , 0.44627 , 0.301755
0.354 , 0.444858 , 0.302503
0.355 , 0.443548 , 0.30325
0.356 , 0.44235 , 0.303997
0.357 , 0.441254 , 0.304743
0.358 , 0.440236 , 0.305489
0.359 , 0.439259 , 0.306234
0.36 , 0.43828 , 0.30698
0.361 , 0.437258 , 0.307725
0.362 , 0.43616 , 0.30847
0.363 , 0.434966 , 0.309214
0.364 , 0.433673 , 0.309958
0.365 , 0.432295 , 0.310701
0.366 , 0.430862 , 0.311444
0.367 , 0.429414 , 0.312186
0.368 , 0.427996 , 0.312927
0.369 , 0.426649 , 0.313668
0.37 , 0.425404 , 0.314408
0.371 , 0.424281 , 0.315147
0.372 , 0.423278 , 0.315887
0.373 , 0.422379 , 0.316626
0.374 , 0.421549 , 0.317365
0.375 , 0.420747 , 0.318104
0.376 , 0.419924 , 0.318842
0.377 , 0.419037 , 0.319581
0.378 , 0.418052 , 0.32032
0.379 , 0.41695 , 0.321058
0.38 , 0.415729 , 0.321796
0.381 , 0.414405 , 0.322533
0.382 , 0.413009 , 0.32327
0.383 , 0.411583 , 0.324005
0.384 , 0.410171 , 0.324741
0.385 , 0.408814 , 0.325475
0.386 , 0.407544 , 0.326209
0.387 , 0.406376 , 0.326943
0.388 , 0.405312 , 0.327676
0.389 , 0.404334 , 0.328409
0.39 , 0.40341 , 0.329141
0.391 , 0.402501 , 0.329874
0.392 , 0.401564 , 0.330606
0.393 , 0.400563 , 0.331338
0.394 , 0.39947 , 0.33207
0.395 , 0.398273 , 0.332801
0.396 , 0.396977 , 0.333532
0.397 , 0.395602 , 0.334262
0.398 , 0.394185 , 0.334992
0.399 , 0.392765 , 0.335721
0.4 , 0.391388 , 0.336449
0.401 , 0.39009 , 0.337176
0.402 , 0.388899 , 0.337903
0.403 , 0.387826 , 0.33863
0.404 , 0.386864 , 0.339356
0.405 , 0.385993 , 0.340082
0.406 , 0.385178 , 0.340808
0.407 , 0.384376 , 0.341534
0.408 , 0.383543 , 0.34226
0.409 , 0.382644 , 0.342986
0.41 , 0.381652 , 0.343712
0.411 , 0.380556 , 0.344437
0.412 , 0.379363 , 0.345161
0.413 , 0.378093 , 0.345886
0.414 , 0.376781 , 0.346609
0.415 , 0.375465 , 0.347333
0.416 , 0.374187 , 0.348055
0.417 , 0.37298 , 0.348777
0.418 , 0.371865 , 0.349499
0.419 , 0.370849 , 0.35022
0.42 , 0.369921 , 0.350941
0.421 , 0.369058 , 0.351662
0.422 , 0.368222 , 0.352382
0.423 , 0.367373 , 0.353103
0.424 , 0.36647 , 0.353823
0.425 , 0.36548 , 0.354543
0.426 , 0.364383 , 0.355263
0.427 , 0.363175 , 0.355983
0.428 , 0.361869 , 0.356701
0.429 , 0.360491 , 0.35742
0.43 , 0.359081 , 0.358137
0.431 , 0.357681 , 0.358854
0.432 , 0.356334 , 0.35957
0.433 , 0.355073 , 0.360286
0.434 , 0.353921 , 0.361001
0.435 , 0.352883 , 0.361716
0.436 , 0.351948 , 0.36243
0.437 , 0.351092 , 0.363145
0.438 , 0.350279 , 0.363859
0.439 , 0.34947 , 0.364573
0.44 , 0.348627 , 0.365287
0.441 , 0.347719 , 0.366001
0.442 , 0.346729 , 0.366714
0.443 , 0.345652 , 0.367428
0.444 , 0.344501 , 0.36814
0.445 , 0.343301 , 0.368853
0.446 , 0.342085 , 0.369565
0.447 , 0.340891 , 0.370276
0.448 , 0.339753 , 0.370987
0.449 , 0.338694 , 0.371698
0.45 , 0.337728 , 0.372408
0.451 , 0.336852 , 0.373118
0.452 , 0.336045 , 0.373828
0.453 , 0.335279 , 0.374538
0.454 , 0.334512 , 0.375247
0.455 , 0.333704 , 0.375957
0.456 , 0.332819 , 0.376667
0.457 , 0.331829 , 0.377376
0.458 , 0.330722 , 0.378085
0.459 , 0.329502 , 0.378794
0.46 , 0.328187 , 0.379502
0.461 , 0.326811 , 0.380209
0.462 , 0.325416 , 0.380916
0.463 , 0.324043 , 0.381622
0.464 , 0.322732 , 0.382327
0.465 , 0.321514 , 0.383032
0.466 , 0.320404 , 0.383736
0.467 , 0.319403 , 0.38444
0.468 , 0.318496 , 0.385144
0.469 , 0.317657 , 0.385848
0.47 , 0.316849 , 0.386551
0.471 , 0.316037 , 0.387254
0.472 , 0.315188 , 0.387958
0.473 , 0.314278 , 0.388661
0.474 , 0.313295 , 0.389363
0.475 , 0.312244 , 0.390066
0.476 , 0.311139 , 0.390768
0.477 , 0.31001 , 0.39147
0.478 , 0.308887 , 0.392171
0.479 , 0.307805 , 0.392872
0.48 , 0.306791 , 0.393572
0.481 , 0.305861 , 0.394273
0.482 , 0.305018 , 0.394973
0.483 , 0.304252 , 0.395673
0.484 , 0.303536 , 0.396372
0.485 , 0.302837 , 0.397072
0.486 , 0.302113 , 0.397772
0.487 , 0.301326 , 0.398472
0.488 , 0.300445 , 0.399172
0.489 , 0.299449 , 0.399871
0.49 , 0.298332 , 0.40057
0.491 , 0.297107 , 0.401269
0.492 , 0.295799 , 0.401967
0.493 , 0.294444 , 0.402665
0.494 , 0.293084 , 0.403361
0.495 , 0.291761 , 0.404058
0.496 , 0.29051 , 0.404753
0.497 , 0.289354 , 0.405448
0.498 , 0.288305 , 0.406143
0.499 , 0.287356 , 0.406837
0.5 , 0.286489 , 0.407531
0.501 , 0.285675 , 0.408225
0.502 , 0.28488 , 0.408919
0.503 , 0.284071 , 0.409613
0.504 , 0.28322 , 0.410306
0.505 , 0.282309 , 0.411
0.506 , 0.281334 , 0.411693
0.507 , 0.280304 , 0.412386
0.508 , 0.279238 , 0.413078
0.509 , 0.278166 , 0.41377
0.51 , 0.277118 , 0.414462
0.511 , 0.276123 , 0.415154
0.512 , 0.275203 , 0.415845
0.513 , 0.274367 , 0.416536
0.514 , 0.273612 , 0.417227
0.515 , 0.272918 , 0.417917
0.516 , 0.272258 , 0.418608
0.517 , 0.271595 , 0.419299
0.518 , 0.27089 , 0.41999
0.519 , 0.270108 , 0.420681
0.52 , 0.269222 , 0.421372
0.521 , 0.268222 , 0.422062
0.522 , 0.267107 , 0.422752
0.523 , 0.265897 , 0.423442
0.524 , 0.26462 , 0.424131
0.525 , 0.263314 , 0.424819
0.526 , 0.262021 , 0.425507
0.527 , 0.260778 , 0.426194
0.528 , 0.259614 , 0.426881
0.529 , 0.258547 , 0.427567
0.53 , 0.257578 , 0.428253
0.531 , 0.256699 , 0.428939
0.532 , 0.255884 , 0.429625
0.533 , 0.255105 , 0.43031
0.534 , 0.254328 , 0.430995
0.535 , 0.253524 , 0.431681
0.536 , 0.25267 , 0.432366
0.537 , 0.251755 , 0.433051
0.538 , 0.25078 , 0.433735
0.539 , 0.249759 , 0.43442
0.54 , 0.248717 , 0.435104
0.541 , 0.247681 , 0.435787
0.542 , 0.246682 , 0.436471
0.543 , 0.245745 , 0.437154
0.544 , 0.244886 , 0.437836
0.545 , 0.244109 , 0.438519
0.546 , 0.243404 , 0.439202
0.547 , 0.24275 , 0.439884
0.548 , 0.242116 , 0.440567
0.549 , 0.241465 , 0.44125
0.55 , 0.240762 , 0.441932
0.551 , 0.239976 , 0.442615
0.552 , 0.239088 , 0.443298
0.553 , 0.238093 , 0.44398
0.554 , 0.236999 , 0.444662
0.555 , 0.235826 , 0.445343
0.556 , 0.234609 , 0.446024
0.557 , 0.233382 , 0.446704
0.558 , 0.232185 , 0.447384
0.559 , 0.231049 , 0.448064
0.56 , 0.229996 , 0.448742
0.561 , 0.229035 , 0.449421
0.562 , 0.228162 , 0.450099
0.563 , 0.22736 , 0.450778
0.564 , 0.226603 , 0.451456
0.565 , 0.22586 , 0.452134
0.566 , 0.225099 , 0.452812
0.567 , 0.224296 , 0.453489
0.568 , 0.223433 , 0.454167
0.569 , 0.222506 , 0.454845
0.57 , 0.221521 , 0.455522
0.571 , 0.220499 , 0.456199
0.572 , 0.219464 , 0.456875
0.573 , 0.218448 , 0.457551
0.574 , 0.217477 , 0.458227
0.575 , 0.216575 , 0.458903
0.576 , 0.215752 , 0.459578
0.577 , 0.215008 , 0.460254
0.578 , 0.214329 , 0.460929
0.579 , 0.213692 , 0.461604
0.58 , 0.213065 , 0.462279
0.581 , 0.212414 , 0.462955
0.582 , 0.211706 , 0.46363
0.583 , 0.210917 , 0.464305
0.584 , 0.210034 , 0.464981
0.585 , 0.209058 , 0.465655
0.586 , 0.208 , 0.46633
0.587 , 0.206887 , 0.467004
0.588 , 0.205749 , 0.467678
0.589 , 0.204622 , 0.468351
0.59 , 0.203537 , 0.469024
0.591 , 0.202521 , 0.469696
0.592 , 0.201587 , 0.470368
0.593 , 0.200736 , 0.47104
0.594 , 0.199958 , 0.471712
0.595 , 0.19923 , 0.472383
0.596 , 0.198524 , 0.473055
0.597 , 0.197809 , 0.473726
0.598 , 0.197058 , 0.474398
0.599 , 0.196248 , 0.475069
0.6 , 0.195371 , 0.475741
0.601 , 0.194426 , 0.476412
0.602 , 0.193428 , 0.477082
0.603 , 0.192399 , 0.477753
0.604 , 0.191368 , 0.478423
0.605 , 0.190365 , 0.479092
0.606 , 0.189415 , 0.479761
0.607 , 0.188539 , 0.480431
0.608 , 0.187742 , 0.481099
0.609 , 0.187021 , 0.481768
0.61 , 0.186359 , 0.482437
0.611 , 0.185731 , 0.483106
0.612 , 0.185105 , 0.483775
0.613 , 0.18445 , 0.484444
0.614 , 0.183738 , 0.485113
0.615 , 0.182951 , 0.485781
0.616 , 0.182079 , 0.48645
0.617 , 0.18113 , 0.487118
0.618 , 0.180119 , 0.487786
0.619 , 0.179072 , 0.488454
0.62 , 0.17802 , 0.489121
0.621 , 0.176995 , 0.489788
0.622 , 0.176022 , 0.490455
0.623 , 0.17512 , 0.491121
0.624 , 0.174295 , 0.491788
0.625 , 0.173541 , 0.492454
0.626 , 0.172842 , 0.49312
0.627 , 0.172172 , 0.493786
0.628 , 0.171503 , 0.494451
0.629 , 0.170804 , 0.495117
0.63 , 0.170053 , 0.495783
0.631 , 0.169233 , 0.496449
0.632 , 0.16834 , 0.497115
0.633 , 0.167382 , 0.49778
0.634 , 0.166377 , 0.498445
0.635 , 0.165351 , 0.49911
0.636 , 0.164334 , 0.499774
0.637 , 0.163354 , 0.500438
0.638 , 0.162435 , 0.501101
0.639 , 0.161592 , 0.501765
0.64 , 0.160829 , 0.502428
0.641 , 0.160135 , 0.503091
0.642 , 0.159493 , 0.503755
0.643 , 0.158876 , 0.504418
0.644 , 0.158253 , 0.505081
0.645 , 0.157596 , 0.505745
0.646 , 0.156881 , 0.506408
0.647 , 0.156095 , 0.507071
0.648 , 0.155236 , 0.507734
0.649 , 0.154313 , 0.508397
0.65 , 0.153344 , 0.50906
0.651 , 0.152357 , 0.509722
0.652 , 0.151381 , 0.510384
0.653 , 0.150442 , 0.511045
0.654 , 0.149561 , 0.511707
0.655 , 0.14875 , 0.512368
0.656 , 0.148009 , 0.513029
0.657 , 0.147326 , 0.51369
0.658 , 0.146682 , 0.514351
0.659 , 0.14605 , 0.515012
0.66 , 0.1454 , 0.515673
0.661 , 0.144707 , 0.516334
0.662 , 0.143952 , 0.516995
0.663 , 0.143125 , 0.517656
0.664 , 0.142227 , 0.518317
0.665 , 0.141271 , 0.518977
0.666 , 0.140279 , 0.519637
0.667 , 0.139279 , 0.520297
0.668 , 0.138299 , 0.520956
0.669 , 0.137366 , 0.521616
0.67 , 0.1365 , 0.522274
0.671 , 0.13571 , 0.522933
0.672 , 0.134995 , 0.523592
0.673 , 0.134341 , 0.52425
0.674 , 0.133727 , 0.524909
0.675 , 0.133126 , 0.525568
0.676 , 0.132509 , 0.526226
0.677 , 0.131849 , 0.526885
0.678 , 0.131129 , 0.527544
0.679 , 0.13034 , 0.528202
0.68 , 0.129484 , 0.528861
0.681 , 0.128574 , 0.529519
0.682 , 0.127632 , 0.530177
0.683 , 0.126685 , 0.530835
0.684 , 0.12576 , 0.531492
0.685 , 0.124881 , 0.532149
0.686 , 0.124062 , 0.532806
0.687 , 0.123311 , 0.533463
0.688 , 0.122623 , 0.53412
0.689 , 0.121983 , 0.534776
0.69 , 0.121369 , 0.535433
0.691 , 0.120754 , 0.53609
0.692 , 0.120112 , 0.536747
0.693 , 0.119421 , 0.537404
0.694 , 0.118666 , 0.538061
0.695 , 0.117844 , 0.538717
0.696 , 0.116961 , 0.539374
0.697 , 0.116032 , 0.54003
0.698 , 0.115083 , 0.540686
0.699 , 0.114138 , 0.541341
0.7 , 0.113227 , 0.541997
0.701 , 0.11237 , 0.542652
0.702 , 0.111582 , 0.543307
0.703 , 0.110866 , 0.543962
0.704 , 0.110215 , 0.544617
0.705 , 0.109612 , 0.545271
0.706 , 0.109033 , 0.545926
0.707 , 0.108449 , 0.546581
0.708 , 0.107835 , 0.547236
0.709 , 0.107167 , 0.547891
0.71 , 0.106433 , 0.548546
0.711 , 0.105627 , 0.549201
0.712 , 0.104759 , 0.549856
0.713 , 0.103845 , 0.550511
0.714 , 0.102908 , 0.551165
0.715 , 0.101977 , 0.551819
0.716 , 0.101076 , 0.552472
0.717 , 0.100226 , 0.553126
0.718 , 0.09944 , 0.553779
0.719 , 0.0987198 , 0.554432
0.72 , 0.0980577 , 0.555085
0.721 , 0.097437 , 0.555739
0.722 , 0.0968349 , 0.556392
0.723 , 0.0962266 , 0.557045
0.724 , 0.0955888 , 0.557698
0.725 , 0.0949038 , 0.558352
0.726 , 0.0941619 , 0.559005
0.727 , 0.0933635 , 0.559658
0.728 , 0.0925186 , 0.560311
0.729 , 0.0916451 , 0.560964
0.73 , 0.0907666 , 0.561616
0.731 , 0.0899078 , 0.562268
0.732 , 0.0890912 , 0.56292
0.733 , 0.0883331 , 0.563572
0.734 , 0.0876409 , 0.564224
0.735 , 0.0870118 , 0.564876
0.736 , 0.086433 , 0.565528
0.737 , 0.0858836 , 0.56618
0.738 , 0.0853372 , 0.566832
0.739 , 0.0847663 , 0.567484
0.74 , 0.0841466 , 0.568137
0.741 , 0.0834599 , 0.568789
0.742 , 0.0826979 , 0.569441
0.743 , 0.0818627 , 0.570093
0.744 , 0.0809666 , 0.570745
0.745 , 0.0800308 , 0.571397
0.746 , 0.0790812 , 0.572048
0.747 , 0.0781454 , 0.572699
0.748 , 0.077248 , 0.57335
0.749 , 0.0764075 , 0.574
0.75 , 0.0756334 , 0.57465
0.751 , 0.0749252 , 0.575301
0.752 , 0.074273 , 0.575951
0.753 , 0.0736594 , 0.576601
0.754 , 0.0730624 , 0.577251
0.755 , 0.0724591 , 0.577902
0.756 , 0.0718299 , 0.578552
0.757 , 0.0711609 , 0.579202
0.758 , 0.0704466 , 0.579853
0.759 , 0.0696906 , 0.580503
0.76 , 0.068905 , 0.581153
0.761 , 0.0681079 , 0.581803
0.762 , 0.0673209 , 0.582453
0.763 , 0.066565 , 0.583103
0.764 , 0.0658569 , 0.583752
0.765 , 0.0652065 , 0.584402
0.766 , 0.0646143 , 0.585052
0.767 , 0.0640712 , 0.585701
0.768 , 0.0635595 , 0.586351
0.769 , 0.0630549 , 0.587001
0.77 , 0.0625304 , 0.587651
0.771 , 0.0619602 , 0.588301
0.772 , 0.061323 , 0.588952
0.773 , 0.0606059 , 0.589602
0.774 , 0.0598063 , 0.590252
0.775 , 0.0589318 , 0.590902
0.776 , 0.058 , 0.591552
0.777 , 0.0570352 , 0.592201
0.778 , 0.0560658 , 0.59285
0.779 , 0.0551192 , 0.593499
0.78 , 0.0542192 , 0.594148
0.781 , 0.0533819 , 0.594796
0.782 , 0.0526143 , 0.595444
0.783 , 0.0519137 , 0.596092
0.784 , 0.0512688 , 0.59674
0.785 , 0.0506618 , 0.597388
0.786 , 0.0500719 , 0.598036
0.787 , 0.0494788 , 0.598684
0.788 , 0.0488656 , 0.599332
0.789 , 0.0482222 , 0.599981
0.79 , 0.0475464 , 0.600629
0.791 , 0.046844 , 0.601277
0.792 , 0.0461278 , 0.601925
0.793 , 0.0454148 , 0.602573
0.794 , 0.0447238 , 0.603221
0.795 , 0.0440709 , 0.603869
0.796 , 0.0434671 , 0.604517
0.797 , 0.0429157 , 0.605165
0.798 , 0.042411 , 0.605813
0.799 , 0.0419386 , 0.606461
0.8 , 0.0414768 , 0.60711
0.801 , 0.0409999 , 0.607759
0.802 , 0.0404815 , 0.608407
0.803 , 0.0398982 , 0.609056
0.804 , 0.0392335 , 0.609705
0.805 , 0.03848 , 0.610354
0.806 , 0.0376407 , 0.611003
0.807 , 0.0367288 , 0.611651
0.808 , 0.0357661 , 0.6123
0.809 , 0.0347799 , 0.612948
0.81 , 0.0337995 , 0.613595
0.811 , 0.0328519 , 0.614242
0.812 , 0.0319589 , 0.614889
0.813 , 0.031134 , 0.615536
0.814 , 0.0303816 , 0.616183
0.815 , 0.0296965 , 0.616829
0.816 , 0.0290662 , 0.617476
0.817 , 0.0284726 , 0.618122
0.818 , 0.0278963 , 0.618769
0.819 , 0.0273188 , 0.619416
0.82 , 0.0267266 , 0.620062
0.821 , 0.0261124 , 0.620709
0.822 , 0.0254766 , 0.621356
0.823 , 0.0248265 , 0.622003
0.824 , 0.024175 , 0.62265
0.825 , 0.0235377 , 0.623297
0.826 , 0.0229297 , 0.623943
0.827 , 0.0223629 , 0.62459
0.828 , 0.0218428 , 0.625237
0.829 , 0.021367 , 0.625884
0.83 , 0.0209248 , 0.626532
0.831 , 0.020498 , 0.627179
0.832 , 0.020063 , 0.627827
0.833 , 0.0195939 , 0.628475
0.834 , 0.0190664 , 0.629123
0.835 , 0.0184609 , 0.629771
0.836 , 0.0177659 , 0.63042
0.837 , 0.0169795 , 0.631068
0.838 , 0.0161103 , 0.631716
0.839 , 0.0151759 , 0.632363
0.84 , 0.0142014 , 0.633011
0.841 , 0.0132155 , 0.633658
0.842 , 0.0122469 , 0.634305
0.843 , 0.0113211 , 0.634951
0.844 , 0.0104566 , 0.635597
0.845 , 0.00966374 , 0.636243
0.846 , 0.00894327 , 0.636889
0.847 , 0.00828761 , 0.637535
0.848 , 0.00768254 , 0.638181
0.849 , 0.00711005 , 0.638827
0.85 , 0.00655155 , 0.639473
0.851 , 0.00599104 , 0.640119
0.852 , 0.00541755 , 0.640765
0.853 , 0.00482678 , 0.641411
0.854 , 0.00422135 , 0.642057
0.855 , 0.00360996 , 0.642704
0.856 , 0.00300536 , 0.64335
0.857 , 0.00242165 , 0.643996
0.858 , 0.00187124 , 0.644643
0.859 , 0.001362 , 0.645289
0.86 , 0.000895165 , 0.645936
0.861 , 0.000464195 , 0.646583
0.862 , 5.49521e-05 , 0.64723
0.863 , -0.000352868 , 0.647878
0.864 , -0.000783216 , 0.648525
0.865 , -0.00126045 , 0.649173
0.866 , -0.00180588 , 0.649821
0.867 , -0.00243458 , 0.650469
0.868 , -0.00315305 , 0.651117
0.869 , -0.00395801 , 0.651765
0.87 , -0.00483658 , 0.652413
0.871 , -0.00576781 , 0.65306
0.872 , -0.00672534 , 0.653707
0.873 , -0.0076808 , 0.654354
0.874 , -0.0086074 , 0.655001
0.875 , -0.00948327 , 0.655647
0.876 , -0.0102939 , 0.656293
0.877 , -0.0110335 , 0.656939
0.878 , -0.0117051 , 0.657585
0.879 , -0.0123191 , 0.658231
0.88 , -0.0128914 , 0.658877
0.881 , -0.0134401 , 0.659523
0.882 , -0.0139823 , 0.660169
0.883 , -0.0145318 , 0.660815
0.884 , -0.0150965 , 0.661461
0.885 , -0.0156778 , 0.662108
0.886 , -0.0162707 , 0.662754
0.887 , -0.016865 , 0.663401
0.888 , -0.0174476 , 0.664047
0.889 , -0.0180054 , 0.664694
0.89 , -0.0185282 , 0.665341
0.891 , -0.0190109 , 0.665987
0.892 , -0.0194553 , 0.666635
0.893 , -0.0198706 , 0.667282
0.894 , -0.0202728 , 0.667929
0.895 , -0.0206827 , 0.668577
0.896 , -0.0211234 , 0.669225
0.897 , -0.0216166 , 0.669873
0.898 , -0.02218 , 0.670522
0.899 , -0.0228241 , 0.67117
0.9 , -0.023551 , 0.671818
0.901 , -0.0243531 , 0.672466
0.902 , -0.0252148 , 0.673115
0.903 , -0.0261135 , 0.673762
0.904 , -0.0270233 , 0.67441
0.905 , -0.0279181 , 0.675057
0.906 , -0.0287747 , 0.675704
0.907 , -0.029576 , 0.676351
0.908 , -0.0303126 , 0.676998
0.909 , -0.0309837 , 0.677644
0.91 , -0.0315965 , 0.678291
0.911 , -0.0321641 , 0.678938
0.912 , -0.0327036 , 0.679585
0.913 , -0.0332327 , 0.680231
0.914 , -0.0337668 , 0.680879
0.915 , -0.0343168 , 0.681526
0.916 , -0.0348875 , 0.682173
0.917 , -0.0354768 , 0.68282
0.918 , -0.036077 , 0.683468
0.919 , -0.036676 , 0.684115
0.92 , -0.0372602 , 0.684763
0.921 , -0.0378169 , 0.68541
0.922 , -0.0383373 , 0.686058
0.923 , -0.038818 , 0.686706
0.924 , -0.0392631 , 0.687354
0.925 , -0.0396831 , 0.688002
0.926 , -0.0400947 , 0.68865
0.927 , -0.0405181 , 0.689299
0.928 , -0.0409745 , 0.689948
0.929 , -0.0414828 , 0.690597
0.93 , -0.0420569 , 0.691246
0.931 , -0.0427032 , 0.691895
0.932 , -0.0434201 , 0.692544
0.933 , -0.0441972 , 0.693193
0.934 , -0.0450174 , 0.693842
0.935 , -0.0458584 , 0.694491
0.936 , -0.0466963 , 0.69514
0.937 , -0.0475087 , 0.695788
0.938 , -0.0482773 , 0.696436
0.939 , -0.0489904 , 0.697084
0.94 , -0.0496442 , 0.697732
0.941 , -0.0502429 , 0.69838
0.942 , -0.0507973 , 0.699029
0.943 , -0.0513229 , 0.699677
0.944 , -0.0518372 , 0.700325
0.945 , -0.0523567 , 0.700974
0.946 , -0.0528946 , 0.701623
0.947 , -0.0534582 , 0.702271
0.948 , -0.0540486 , 0.70292
0.949 , -0.0546601 , 0.703569
0.95 , -0.0552822 , 0.704218
0.951 , -0.0559009 , 0.704867
0.952 , -0.0565015 , 0.705516
0.953 , -0.0570717 , 0.706165
0.954 , -0.0576036 , 0.706814
0.955 , -0.0580953 , 0.707463
0.956 , -0.058552 , 0.708113
0.957 , -0.0589853 , 0.708763
0.958 , -0.0594116 , 0.709412
0.959 , -0.0598502 , 0.710063
0.96 , -0.0603199 , 0.710713
0.961 , -0.0608368 , 0.711363
0.962 , -0.0614112 , 0.712014
0.963 , -0.0620464 , 0.712664
0.964 , -0.0627377 , 0.713315
0.965 , -0.0634733 , 0.713966
0.966 , -0.0642359 , 0.714616
0.967 , -0.0650048 , 0.715266
0.968 , -0.0657594 , 0.715917
0.969 , -0.0664814 , 0.716567
0.97 , -0.067158 , 0.717217
0.971 , -0.0677833 , 0.717867
0.972 , -0.0683587 , 0.718517
0.973 , -0.0688925 , 0.719167
0.974 , -0.0693986 , 0.719817
0.975 , -0.0698937 , 0.720468
0.976 , -0.0703948 , 0.721119
0.977 , -0.0709165 , 0.721769
0.978 , -0.0714688 , 0.72242
0.979 , -0.0720552 , 0.723071
0.98 , -0.0726728 , 0.723722
0.981 , -0.0733125 , 0.724373
0.982 , -0.0739609 , 0.725024
0.983 , -0.0746024 , 0.725676
0.984 , -0.0752217 , 0.726327
0.985 , -0.075807 , 0.726978
0.986 , -0.0763512 , 0.727629
0.987 , -0.0768541 , 0.72828
0.988 , -0.0773218 , 0.728932
0.989 , -0.0777665 , 0.729584
0.99 , -0.0782045 , 0.730235
0.991 , -0.0786535 , 0.730888
0.992 , -0.0791305 , 0.73154
0.993 , -0.0796485 , 0.732192
0.994 , -0.0802149 , 0.732845
0.995 , -0.0808303 , 0.733498
0.996 , -0.0814881 , 0.73415
0.997 , -0.0821758 , 0.734803
0.998 , -0.0828768 , 0.735456
0.999 , -0.0835726 , 0.736108
1 , -0.0842462 , 0.736761
1.001 , -0.0848841 , 0.737413
1.002 , -0.0854786 , 0.738066
1.003 , -0.0860286 , 0.738718
1.004 , -0.0865401 , 0.739371
1.005 , -0.0870247 , 0.740024
1.006 , -0.0874979 , 0.740677
1.007 , -0.0879766 , 0.74133
1.008 , -0.0884763 , 0.741984
1.009 , -0.089009 , 0.742637
1.01 , -0.0895809 , 0.743291
1.011 , -0.0901918 , 0.743945
1.012 , -0.0908349 , 0.744599
1.013 , -0.0914981 , 0.745252
1.014 , -0.0921658 , 0.745906
1.015 , -0.0928215 , 0.74656
1.016 , -0.0934501 , 0.747214
1.017 , -0.0940407 , 0.747867
1.018 , -0.0945879 , 0.748521
1.019 , -0.0950929 , 0.749175
1.02 , -0.0955634 , 0.749829
1.021 , -0.0960121 , 0.750484
1.022 , -0.0964548 , 0.751138
1.023 , -0.0969082 , 0.751793
1.024 , -0.0973871 , 0.752448
1.025 , -0.0979019 , 0.753103
1.026 , -0.0984574 , 0.753759
1.027 , -0.0990519 , 0.754414
1.028 , -0.0996774 , 0.755069
1.029 , -0.100321 , 0.755725
1.03 , -0.100968 , 0.75638
1.031 , -0.101601 , 0.757035
1.032 , -0.102207 , 0.757691
1.033 , -0.102777 , 0.758346
1.034 , -0.103308 , 0.759002
1.035 , -0.103802 , 0.759658
1.036 , -0.104269 , 0.760314
1.037 , -0.104723 , 0.76097
1.038 , -0.105179 , 0.761626
1.039 , -0.105653 , 0.762283
1.04 , -0.106159 , 0.76294
1.041 , -0.106706 , 0.763596
1.042 , -0.107295 , 0.764253
1.043 , -0.107924 , 0.76491
1.044 , -0.108582 , 0.765567
1.045 , -0.109255 , 0.766224
1.046 , -0.109927 , 0.766881
1.047 , -0.11058 , 0.767538
1.048 , -0.111202 , 0.768195
1.049 , -0.111782 , 0.768852
1.05 , -0.112318 , 0.769509
1.051 , -0.112813 , 0.770167
1.052 , -0.113276 , 0.770824
1.053 , -0.113721 , 0.771482
1.054 , -0.114163 , 0.77214
1.055 , -0.114617 , 0.772798
1.056 , -0.115096 , 0.773456
1.057 , -0.115608 , 0.774114
1.058 , -0.116156 , 0.774773
1.059 , -0.116735 , 0.775432
1.06 , -0.117336 , 0.77609
1.061 , -0.117947 , 0.776749
1.062 , -0.118553 , 0.777408
1.063 , -0.11914 , 0.778067
1.064 , -0.119698 , 0.778726
1.065 , -0.12022 , 0.779385
1.066 , -0.120708 , 0.780044
1.067 , -0.121167 , 0.780703
1.068 , -0.121608 , 0.781363
1.069 , -0.122046 , 0.782023
1.07 , -0.122496 , 0.782683
1.071 , -0.122973 , 0.783343
1.072 , -0.123487 , 0.784004
1.073 , -0.124044 , 0.784664
1.074 , -0.124644 , 0.785325
1.075 , -0.125278 , 0.785986
1.076 , -0.125936 , 0.786646
1.077 , -0.126602 , 0.787307
1.078 , -0.12726 , 0.787968
1.079 , -0.127893 , 0.788629
1.08 , -0.12849 , 0.789289
1.081 , -0.129045 , 0.78995
1.082 , -0.129558 , 0.790611
1.083 , -0.130033 , 0.791272
1.084 , -0.130481 , 0.791934
1.085 , -0.130917 , 0.792595
1.086 , -0.131356 , 0.793257
1.087 , -0.131811 , 0.793919
1.088 , -0.132293 , 0.794581
1.089 , -0.132807 , 0.795244
1.09 , -0.133353 , 0.795906
1.091 , -0.133926 , 0.796569
1.092 , -0.134514 , 0.797231
1.093 , -0.135104 , 0.797894
1.094 , -0.135684 , 0.798557
1.095 , -0.136241 , 0.79922
1.096 , -0.136768 , 0.799883
1.097 , -0.13726 , 0.800546
1.098 , -0.137722 , 0.801209
1.099 , -0.138161 , 0.801873
1.1 , -0.13859 , 0.802537
1.101 , -0.139022 , 0.803201
1.102 , -0.139473 , 0.803865
1.103 , -0.139954 , 0.80453
1.104 , -0.140474 , 0.805194
1.105 , -0.141036 , 0.805859
1.106 , -0.141634 , 0.806524
1.107 , -0.142262 , 0.807189
1.108 , -0.142905 , 0.807854
1.109 , -0.143548 , 0.808519
1.11 , -0.144176 , 0.809184
1.111 , -0.144775 , 0.809849
1.112 , -0.145336 , 0.810514
1.113 , -0.145857 , 0.811179
1.114 , -0.146339 , 0.811845
1.115 , -0.14679 , 0.81251
1.116 , -0.147222 , 0.813176
1.117 , -0.14765 , 0.813842
1.118 , -0.148088 , 0.814508
1.119 , -0.148547 , 0.815175
1.12 , -0.149036 , 0.815842
1.121 , -0.149557 , 0.816509
1.122 , -0.150108 , 0.817176
1.123 , -0.15068 , 0.817843
1.124 , -0.151262 , 0.81851
1.125 , -0.151842 , 0.819177
1.126 , -0.152406 , 0.819845
1.127 , -0.152944 , 0.820512
1.128 , -0.153451 , 0.82118
1.129 , -0.153925 , 0.821848
1.13 , -0.154372 , 0.822516
1.131 , -0.154801 , 0.823184
1.132 , -0.155224 , 0.823852
1.133 , -0.155656 , 0.824521
1.134 , -0.15611 , 0.82519
1.135 , -0.156594 , 0.825859
1.136 , -0.157116 , 0.826529
1.137 , -0.157674 , 0.827198
1.138 , -0.158264 , 0.827868
1.139 , -0.158875 , 0.828537
1.14 , -0.159493 , 0.829207
1.141 , -0.160104 , 0.829877
1.142 , -0.160695 , 0.830547
1.143 , -0.161254 , 0.831216
1.144 , -0.161775 , 0.831886
1.145 , -0.16226 , 0.832557
1.146 , -0.162711 , 0.833227
1.147 , -0.16314 , 0.833898
1.148 , -0.163559 , 0.834569
1.149 , -0.163982 , 0.83524
1.15 , -0.164423 , 0.835911
1.151 , -0.164889 , 0.836583
1.152 , -0.165388 , 0.837254
1.153 , -0.165919 , 0.837926
1.154 , -0.166476 , 0.838598
1.155 , -0.167051 , 0.839271
1.156 , -0.16763 , 0.839943
1.157 , -0.168202 , 0.840615
1.158 , -0.168753 , 0.841288
1.159 , -0.169276 , 0.84196
1.16 , -0.169768 , 0.842633
1.161 , -0.170228 , 0.843306
1.162 , -0.170665 , 0.843979
1.163 , -0.171087 , 0.844653
1.164 , -0.171508 , 0.845326
1.165 , -0.171941 , 0.846
1.166 , -0.172397 , 0.846675
1.167 , -0.172884 , 0.847349
1.168 , -0.173404 , 0.848023
1.169 , -0.173957 , 0.848698
1.17 , -0.174534 , 0.849373
1.171 , -0.175124 , 0.850048
1.172 , -0.175715 , 0.850723
1.173 , -0.176293 , 0.851398
1.174 , -0.176846 , 0.852073
1.175 , -0.177367 , 0.852748
1.176 , -0.177852 , 0.853424
1.177 , -0.178305 , 0.854099
1.178 , -0.178732 , 0.854775
1.179 , -0.179145 , 0.855452
1.18 , -0.179556 , 0.856128
1.181 , -0.179979 , 0.856805
1.182 , -0.180425 , 0.857482
1.183 , -0.1809 , 0.858159
1.184 , -0.181409 , 0.858836
1.185 , -0.181947 , 0.859514
1.186 , -0.182508 , 0.860191
1.187 , -0.183081 , 0.860869
1.188 , -0.183653 , 0.861547
1.189 , -0.184213 , 0.862225
1.19 , -0.184749 , 0.862903
1.191 , -0.185255 , 0.863581
1.192 , -0.185729 , 0.86426
1.193 , -0.186176 , 0.864938
1.194 , -0.186602 , 0.865617
1.195 , -0.187019 , 0.866296
1.196 , -0.187439 , 0.866976
1.197 , -0.187874 , 0.867655
1.198 , -0.188333 , 0.868335
1.199 , -0.188822 , 0.869015
1.2 , -0.189343 , 0.869696
1.201 , -0.18989 , 0.870376
1.202 , -0.190456 , 0.871057
1.203 , -0.191028 , 0.871737
1.204 , -0.191595 , 0.872418
1.205 , -0.192144 , 0.873099
1.206 , -0.192666 , 0.87378
1.207 , -0.193156 , 0.874461
1.208 , -0.193614 , 0.875142
1.209 , -0.194043 , 0.875824
1.21 , -0.194454 , 0.876506
1.211 , -0.194857 , 0.877188
1.212 , -0.195265 , 0.877871
1.213 , -0.195691 , 0.878553
1.214 , -0.196142 , 0.879236
1.215 , -0.196625 , 0.87992
1.216 , -0.197138 , 0.880603
1.217 , -0.197678 , 0.881287
1.218 , -0.198236 , 0.88197
1.219 , -0.198799 , 0.882654
1.22 , -0.199356 , 0.883338
1.221 , -0.199896 , 0.884022
1.222 , -0.200411 , 0.884706
1.223 , -0.200895 , 0.885391
1.224 , -0.20135 , 0.886075
1.225 , -0.201781 , 0.88676
1.226 , -0.202196 , 0.887445
1.227 , -0.202608 , 0.888131
1.228 , -0.203028 , 0.888816
1.229 , -0.203467 , 0.889502
1.23 , -0.203932 , 0.890188
1.231 , -0.204427 , 0.890875
1.232 , -0.20495 , 0.891561
1.233 , -0.205496 , 0.892248
1.234 , -0.206054 , 0.892935
1.235 , -0.206614 , 0.893622
1.236 , -0.207163 , 0.894309
1.237 , -0.207691 , 0.894996
1.238 , -0.208191 , 0.895683
1.239 , -0.208659 , 0.896371
1.24 , -0.209097 , 0.897059
1.241 , -0.209511 , 0.897747
1.242 , -0.209912 , 0.898435
1.243 , -0.210311 , 0.899124
1.244 , -0.21072 , 0.899813
1.245 , -0.211148 , 0.900502
1.246 , -0.211604 , 0.901192
1.247 , -0.212088 , 0.901881
1.248 , -0.212601 , 0.902571
1.249 , -0.213134 , 0.903261
1.25 , -0.21368 , 0.903951
1.251 , -0.214225 , 0.904642
1.252 , -0.214759 , 0.905332
1.253 , -0.215273 , 0.906023
1.254 , -0.21576 , 0.906714
1.255 , -0.216219 , 0.907405
1.256 , -0.216653 , 0.908096
1.257 , -0.217068 , 0.908788
1.258 , -0.217474 , 0.90948
1.259 , -0.217883 , 0.910172
1.26 , -0.218306 , 0.910864
1.261 , -0.218751 , 0.911557
1.262 , -0.219225 , 0.91225
1.263 , -0.219728 , 0.912943
1.264 , -0.220258 , 0.913636
1.265 , -0.220805 , 0.91433
1.266 , -0.221361 , 0.915023
1.267 , -0.221913 , 0.915717
1.268 , -0.22245 , 0.916411
1.269 , -0.222963 , 0.917105
1.27 , -0.223446 , 0.917799
1.271 , -0.223898 , 0.918494
1.272 , -0.224324 , 0.919188
1.273 , -0.224729 , 0.919883
1.274 , -0.225125 , 0.920579
1.275 , -0.225522 , 0.921274
1.276 , -0.225932 , 0.92197
1.277 , -0.226363 , 0.922666
1.278 , -0.226819 , 0.923363
1.279 , -0.227302 , 0.924059
1.28 , -0.227808 , 0.924756
1.281 , -0.228329 , 0.925453
1.282 , -0.228855 , 0.92615
1.283 , -0.229377 , 0.926848
1.284 , -0.229884 , 0.927545
1.285 , -0.230369 , 0.928243
1.286 , -0.230828 , 0.928941
1.287 , -0.231261 , 0.929639
1.288 , -0.231675 , 0.930338
1.289 , -0.232076 , 0.931037
1.29 , -0.232476 , 0.931736
1.291 , -0.232885 , 0.932435
1.292 , -0.233313 , 0.933135
1.293 , -0.233768 , 0.933835
1.294 , -0.234252 , 0.934535
1.295 , -0.234765 , 0.935235
1.296 , -0.235302 , 0.935936
1.297 , -0.235852 , 0.936637
1.298 , -0.236405 , 0.937338
1.299 , -0.23695 , 0.938039
1.3 , -0.237477 , 0.93874
1.301 , -0.237976 , 0.939441
1.302 , -0.238446 , 0.940143
1.303 , -0.238887 , 0.940844
1.304 , -0.239302 , 0.941547
1.305 , -0.239702 , 0.942249
1.306 , -0.240095 , 0.942952
1.307 , -0.240492 , 0.943655
1.308 , -0.240904 , 0.944358
1.309 , -0.241336 , 0.945062
1.31 , -0.241793 , 0.945765
1.311 , -0.242271 , 0.94647
1.312 , -0.242768 , 0.947174
1.313 , -0.243275 , 0.947878
1.314 , -0.243781 , 0.948583
1.315 , -0.244279 , 0.949288
1.316 , -0.244759 , 0.949993
1.317 , -0.245217 , 0.950698
1.318 , -0.245651 , 0.951404
1.319 , -0.246063 , 0.95211
1.32 , -0.246461 , 0.952816
1.321 , -0.246853 , 0.953523
1.322 , -0.24725 , 0.954229
1.323 , -0.247662 , 0.954937
1.324 , -0.248098 , 0.955644
1.325 , -0.248562 , 0.956352
1.326 , -0.249055 , 0.95706
1.327 , -0.249576 , 0.957768
1.328 , -0.250115 , 0.958476
1.329 , -0.250664 , 0.959184
1.33 , -0.251211 , 0.959893
1.331 , -0.251746 , 0.960602
1.332 , -0.252259 , 0.961311
1.333 , -0.252744 , 0.96202
1.334 , -0.253199 , 0.962729
1.335 , -0.253627 , 0.963439
1.336 , -0.254034 , 0.964149
1.337 , -0.254428 , 0.964859
1.338 , -0.25482 , 0.96557
1.339 , -0.25522 , 0.966281
1.34 , -0.255635 , 0.966992
1.341 , -0.256071 , 0.967703
1.342 , -0.256529 , 0.968415
1.343 , -0.257005 , 0.969127
1.344 , -0.257496 , 0.969839
1.345 , -0.257991 , 0.970552
1.346 , -0.258482 , 0.971265
1.347 , -0.25896 , 0.971977
1.348 , -0.259419 , 0.972691
1.349 , -0.259856 , 0.973404
1.35 , -0.260271 , 0.974118
1.351 , -0.260669 , 0.974832
1.352 , -0.261057 , 0.975546
1.353 , -0.261444 , 0.976261
1.354 , -0.261842 , 0.976976
1.355 , -0.262258 , 0.977691
1.356 , -0.262699 , 0.978406
1.357 , -0.263169 , 0.979122
1.358 , -0.263667 , 0.979838
1.359 , -0.264187 , 0.980555
1.36 , -0.264722 , 0.981271
1.361 , -0.265262 , 0.981988
1.362 , -0.265795 , 0.982705
1.363 , -0.266312 , 0.983422
1.364 , -0.266806 , 0.984139
1.365 , -0.267272 , 0.984856
1.366 , -0.26771 , 0.985574
1.367 , -0.268125 , 0.986292
1.368 , -0.268523 , 0.98701
1.369 , -0.268914 , 0.987729
1.37 , -0.269308 , 0.988448
1.371 , -0.269713 , 0.989167
1.372 , -0.270135 , 0.989887
1.373 , -0.270579 , 0.990607
1.374 , -0.271043 , 0.991327
1.375 , -0.271523 , 0.992047
1.376 , -0.272012 , 0.992768
1.377 , -0.272502 , 0.993489
1.378 , -0.272985 , 0.99421
1.379 , -0.273452 , 0.994931
1.38 , -0.273898 , 0.995653
1.381 , -0.274322 , 0.996375
1.382 , -0.274726 , 0.997097
1.383 , -0.275116 , 0.99782
1.384 , -0.275499 , 0.998542
1.385 , -0.275885 , 0.999266
1.386 , -0.276283 , 0.999989
1.387 , -0.276701 , 1.00071
1.388 , -0.277144 , 1.00144
1.389 , -0.277614 , 1.00216
1.39 , -0.278108 , 1.00289
1.391 , -0.278619 , 1.00361
1.392 , -0.27914 , 1.00434
1.393 , -0.27966 , 1.00506
1.394 , -0.280171 , 1.00579
1.395 , -0.280662 , 1.00651
1.396 , -0.281131 , 1.00724
1.397 , -0.281573 , 1.00796
1.398 , -0.281993 , 1.00869
1.399 , -0.282394 , 1.00942
1.4 , -0.282786 , 1.01015
1.401 , -0.283176 , 1.01087
1.402 , -0.283576 , 1.0116
1.403 , -0.283991 , 1.01233
1.404 , -0.284426 , 1.01306
1.405 , -0.284883 , 1.01379
1.406 , -0.28536 , 1.01452
1.407 , -0.28585 , 1.01524
1.408 , -0.286345 , 1.01597
1.409 , -0.286838 , 1.0167
1.41 , -0.287319 , 1.01743
1.411 , -0.287782 , 1.01816
1.412 , -0.288223 , 1.01889
1.413 , -0.288641 , 1.01963
1.414 , -0.28904 , 1.02036
1.415 , -0.289426 , 1.02109
1.416 , -0.289807 , 1.02182
1.417 , -0.290192 , 1.02255
1.418 , -0.29059 , 1.02328
1.419 , -0.291006 , 1.02402
1.42 , -0.291446 , 1.02475
1.421 , -0.291907 , 1.02548
1.422 , -0.292388 , 1.02622
1.423 , -0.292881 , 1.02695
1.424 , -0.293379 , 1.02769
1.425 , -0.293872 , 1.02842
1.426 , -0.294353 , 1.02916
1.427 , -0.294814 , 1.02989
1.428 , -0.295254 , 1.03063
1.429 , -0.295672 , 1.03136
1.43 , -0.296073 , 1.0321
1.431 , -0.296464 , 1.03283
1.432 , -0.296852 , 1.03357
1.433 , -0.297247 , 1.03431
1.434 , -0.297656 , 1.03504
1.435 , -0.298087 , 1.03578
1.436 , -0.29854 , 1.03652
1.437 , -0.299016 , 1.03726
1.438 , -0.29951 , 1.038
1.439 , -0.300015 , 1.03873
1.44 , -0.300522 , 1.03947
1.441 , -0.301022 , 1.04021
1.442 , -0.301506 , 1.04095
1.443 , -0.30197 , 1.04169
1.444 , -0.302409 , 1.04243
1.445 , -0.302825 , 1.04317
1.446 , -0.303222 , 1.04391
1.447 , -0.303606 , 1.04465
1.448 , -0.303985 , 1.04539
1.449 , -0.304368 , 1.04614
1.45 , -0.304763 , 1.04688
1.451 , -0.305174 , 1.04762
1.452 , -0.305605 , 1.04836
1.453 , -0.306053 , 1.0491
1.454 , -0.306515 , 1.04985
1.455 , -0.306984 , 1.05059
1.456 , -0.307454 , 1.05134
1.457 , -0.307916 , 1.05208
1.458 , -0.308364 , 1.05282
1.459 , -0.308795 , 1.05357
1.46 , -0.309207 , 1.05431
1.461 , -0.309604 , 1.05506
1.462 , -0.30999 , 1.0558
1.463 , -0.310374 , 1.05655
1.464 , -0.310763 , 1.0573
1.465 , -0.311167 , 1.05804
1.466 , -0.311592 , 1.05879
1.467 , -0.312041 , 1.05954
1.468 , -0.312515 , 1.06029
1.469 , -0.313012 , 1.06103
1.47 , -0.313524 , 1.06178
1.471 , -0.314044 , 1.06253
1.472 , -0.314563 , 1.06328
1.473 , -0.31507 , 1.06403
1.474 , -0.315558 , 1.06478
1.475 , -0.316022 , 1.06553
1.476 , -0.31646 , 1.06628
1.477 , -0.316874 , 1.06703
1.478 , -0.317268 , 1.06778
1.479 , -0.31765 , 1.06853
1.48 , -0.318027 , 1.06928
1.481 , -0.318408 , 1.07003
1.482 , -0.318798 , 1.07078
1.483 , -0.319202 , 1.07153
1.484 , -0.319621 , 1.07228
1.485 , -0.320054 , 1.07304
1.486 , -0.320496 , 1.07379
1.487 , -0.320941 , 1.07454
1.488 , -0.321383 , 1.0753
1.489 , -0.321816 , 1.07605
1.49 , -0.322236 , 1.07681
1.491 , -0.32264 , 1.07756
1.492 , -0.32303 , 1.07832
1.493 , -0.323411 , 1.07907
1.494 , -0.323788 , 1.07983
1.495 , -0.32417 , 1.08058
1.496 , -0.324566 , 1.08134
1.497 , -0.324981 , 1.0821
1.498 , -0.325422 , 1.08285
1.499 , -0.32589 , 1.08361
1.5 , -0.326384 , 1.08437
1.501 , -0.326898 , 1.08513
1.502 , -0.327425 , 1.08589
1.503 , -0.327956 , 1.08665
1.504 , -0.32848 , 1.0874
1.505 , -0.32899 , 1.08816
1.506 , -0.329477 , 1.08892
1.507 , -0.329938 , 1.08968
1.508 , -0.330373 , 1.09044
1.509 , -0.330783 , 1.0912
1.51 , -0.331174 , 1.09196
1.511 , -0.331553 , 1.09272
1.512 , -0.331928 , 1.09349
1.513 , -0.332306 , 1.09425
1.514 , -0.332693 , 1.09501
1.515 , -0.333091 , 1.09577
1.516 , -0.333502 , 1.09653
1.517 , -0.333922 , 1.0973
1.518 , -0.334348 , 1.09806
1.519 , -0.334774 , 1.09883
1.52 , -0.335194 , 1.09959
1.521 , -0.335605 , 1.10035
1.522 , -0.336003 , 1.10112
1.523 , -0.336388 , 1.10188
1.524 , -0.336764 , 1.10265
1.525 , -0.337135 , 1.10342
1.526 , -0.33751 , 1.10418
1.527 , -0.337895 , 1.10495
1.528 , -0.338298 , 1.10572
1.529 , -0.338726 , 1.10648
1.53 , -0.339181 , 1.10725
1.531 , -0.339663 , 1.10802
1.532 , -0.340169 , 1.10879
1.533 , -0.340693 , 1.10956
1.534 , -0.341227 , 1.11033
1.535 , -0.341759 , 1.1111
1.536 , -0.342282 , 1.11187
1.537 , -0.342786 , 1.11263
1.538 , -0.343265 , 1.1134
1.539 , -0.343718 , 1.11418
1.54 , -0.344145 , 1.11495
1.541 , -0.344549 , 1.11572
1.542 , -0.344936 , 1.11649
1.543 , -0.345314 , 1.11726
1.544 , -0.345689 , 1.11803
1.545 , -0.346068 , 1.1188
1.546 , -0.346455 , 1.11958
1.547 , -0.346854 , 1.12035
1.548 , -0.347262 , 1.12112
1.549 , -0.347677 , 1.1219
1.55 , -0.348094 , 1.12267
1.551 , -0.348509 , 1.12345
1.552 , -0.348917 , 1.12422
1.553 , -0.349314 , 1.125
1.554 , -0.349699 , 1.12577
1.555 , -0.350074 , 1.12655
1.556 , -0.350443 , 1.12733
1.557 , -0.350811 , 1.1281
1.558 , -0.351187 , 1.12888
1.559 , -0.351576 , 1.12966
1.56 , -0.351987 , 1.13044
1.561 , -0.352423 , 1.13122
1.562 , -0.352886 , 1.132
1.563 , -0.353375 , 1.13277
1.564 , -0.353885 , 1.13355
1.565 , -0.354409 , 1.13433
1.566 , -0.354938 , 1.13511
1.567 , -0.355461 , 1.13589
1.568 , -0.355972 , 1.13667
1.569 , -0.356463 , 1.13746
1.57 , -0.356928 , 1.13824
1.571 , -0.357369 , 1.13902
1.572 , -0.357785 , 1.1398
1.573 , -0.358183 , 1.14058
1.574 , -0.358567 , 1.14136
1.575 , -0.358946 , 1.14215
1.576 , -0.359325 , 1.14293
1.577 , -0.359711 , 1.14372
1.578 , -0.360106 , 1.1445
1.579 , -0.360511 , 1.14528
1.58 , -0.360924 , 1.14607
1.581 , -0.361342 , 1.14685
1.582 , -0.361761 , 1.14764
1.583 , -0.362174 , 1.14843
1.584 , -0.362578 , 1.14921
1.585 , -0.36297 , 1.15
1.586 , -0.363351 , 1.15079
1.587 , -0.363722 , 1.15157
1.588 , -0.364089 , 1.15236
1.589 , -0.364458 , 1.15315
1.59 , -0.364836 , 1.15394
1.591 , -0.365229 , 1.15473
1.592 , -0.365644 , 1.15552
1.593 , -0.366083 , 1.15631
1.594 , -0.366547 , 1.1571
1.595 , -0.367034 , 1.15789
1.596 , -0.367537 , 1.15868
1.597 , -0.36805 , 1.15947
1.598 , -0.368564 , 1.16026
1.599 , -0.369071 , 1.16106
1.6 , -0.369562 , 1.16185
1.601 , -0.370033 , 1.16264
1.602 , -0.370481 , 1.16343
1.603 , -0.370907 , 1.16423
1.604 , -0.371314 , 1.16502
1.605 , -0.371707 , 1.16581
1.606 , -0.372092 , 1.16661
1.607 , -0.372477 , 1.1674
1.608 , -0.372866 , 1.1682
1.609 , -0.373264 , 1.16899
1.61 , -0.373673 , 1.16979
1.611 , -0.374092 , 1.17059
1.612 , -0.374517 , 1.17138
1.613 , -0.374945 , 1.17218
1.614 , -0.375371 , 1.17298
1.615 , -0.375789 , 1.17377
1.616 , -0.376195 , 1.17457
1.617 , -0.376589 , 1.17537
1.618 , -0.37697 , 1.17617
1.619 , -0.377342 , 1.17697
1.62 , -0.377709 , 1.17777
1.621 , -0.378079 , 1.17857
1.622 , -0.378458 , 1.17937
1.623 , -0.378853 , 1.18017
1.624 , -0.379268 , 1.18097
1.625 , -0.379704 , 1.18177
1.626 , -0.380163 , 1.18258
1.627 , -0.38064 , 1.18338
1.628 , -0.381129 , 1.18418
1.629 , -0.381625 , 1.18499
1.63 , -0.382118 , 1.18579
1.631 , -0.382601 , 1.18659
1.632 , -0.383069 , 1.1874
1.633 , -0.383519 , 1.1882
1.634 , -0.38395 , 1.18901
1.635 , -0.384363 , 1.18981
1.636 , -0.384762 , 1.19062
1.637 , -0.385155 , 1.19142
1.638 , -0.385545 , 1.19223
1.639 , -0.385941 , 1.19304
1.64 , -0.386345 , 1.19384
1.641 , -0.38676 , 1.19465
1.642 , -0.387187 , 1.19546
1.643 , -0.387624 , 1.19627
1.644 , -0.388065 , 1.19708
1.645 , -0.388506 , 1.19789
1.646 , -0.388942 , 1.1987
1.647 , -0.389367 , 1.19951
1.648 , -0.389778 , 1.20032
1.649 , -0.390174 , 1.20113
1.65 , -0.390557 , 1.20194
1.651 , -0.39093 , 1.20275
1.652 , -0.391299 , 1.20356
1.653 , -0.391669 , 1.20437
1.654 , -0.392049 , 1.20519
1.655 , -0.392442 , 1.206
1.656 , -0.392853 , 1.20681
1.657 , -0.393284 , 1.20763
1.658 , -0.393733 , 1.20844
1.659 , -0.394196 , 1.20926
1.66 , -0.394669 , 1.21007
1.661 , -0.395144 , 1.21089
1.662 , -0.395614 , 1.2117
1.663 , -0.396075 , 1.21252
1.664 , -0.396522 , 1.21334
1.665 , -0.396953 , 1.21415
1.666 , -0.397369 , 1.21497
1.667 , -0.397773 , 1.21579
1.668 , -0.39817 , 1.21661
1.669 , -0.398566 , 1.21743
1.67 , -0.398966 , 1.21825
1.671 , -0.399375 , 1.21907
1.672 , -0.399796 , 1.21989
1.673 , -0.40023 , 1.22071
1.674 , -0.400676 , 1.22153
1.675 , -0.401129 , 1.22235
1.676 , -0.401585 , 1.22317
1.677 , -0.402038 , 1.22399
1.678 , -0.402482 , 1.22481
1.679 , -0.402912 , 1.22563
1.68 , -0.403327 , 1.22646
1.681 , -0.403724 , 1.22728
1.682 , -0.404108 , 1.2281
1.683 , -0.404481 , 1.22893
1.684 , -0.40485 , 1.22975
1.685 , -0.40522 , 1.23058
1.686 , -0.405599 , 1.2314
1.687 , -0.405991 , 1.23223
1.688 , -0.406398 , 1.23306
1.689 , -0.406823 , 1.23388
1.69 , -0.407262 , 1.23471
1.691 , -0.407713 , 1.23554
1.692 , -0.40817 , 1.23637
1.693 , -0.408627 , 1.2372
1.694 , -0.409079 , 1.23802
1.695 , -0.409521 , 1.23885
1.696 , -0.40995 , 1.23968
1.697 , -0.410368 , 1.24051
1.698 , -0.410775 , 1.24134
1.699 , -0.411175 , 1.24217
1.7 , -0.411573 , 1.243
1.701 , -0.411976 , 1.24384
1.702 , -0.412387 , 1.24467
1.703 , -0.41281 , 1.2455
1.704 , -0.413247 , 1.24633
1.705 , -0.413697 , 1.24717
1.706 , -0.414158 , 1.248
1.707 , -0.414624 , 1.24883
1.708 , -0.415089 , 1.24967
1.709 , -0.415548 , 1.2505
1.71 , -0.415995 , 1.25134
1.711 , -0.416427 , 1.25217
1.712 , -0.41684 , 1.25301
1.713 , -0.417237 , 1.25385
1.714 , -0.417619 , 1.25468
1.715 , -0.417991 , 1.25552
1.716 , -0.41836 , 1.25636
1.717 , -0.418731 , 1.2572
1.718 , -0.41911 , 1.25804
1.719 , -0.419502 , 1.25888
1.72 , -0.419909 , 1.25971
1.721 , -0.42033 , 1.26055
1.722 , -0.420764 , 1.2614
1.723 , -0.421207 , 1.26224
1.724 , -0.421653 , 1.26308
1.725 , -0.422098 , 1.26392
1.726 , -0.422537 , 1.26476
1.727 , -0.422967 , 1.2656
1.728 , -0.423386 , 1.26645
1.729 , -0.423796 , 1.26729
1.73 , -0.424198 , 1.26813
1.731 , -0.424599 , 1.26898
1.732 , -0.425001 , 1.26982
1.733 , -0.425411 , 1.27067
1.734 , -0.425832 , 1.27151
1.735 , -0.426267 , 1.27236
1.736 , -0.426716 , 1.2732
1.737 , -0.427176 , 1.27405
1.738 , -0.427644 , 1.2749
1.739 , -0.428115 , 1.27575
1.74 , -0.428583 , 1.27659
1.741 , -0.429041 , 1.27744
1.742 , -0.429485 , 1.27829
1.743 , -0.429912 , 1.27914
1.744 , -0.430321 , 1.27999
1.745 , -0.430713 , 1.28084
1.746 , -0.431093 , 1.28169
1.747 , -0.431465 , 1.28254
1.748 , -0.431835 , 1.28339
1.749 , -0.432209 , 1.28424
1.75 , -0.432593 , 1.2851
1.751 , -0.432989 , 1.28595
1.752 , -0.433399 , 1.2868
1.753 , -0.433823 , 1.28765
1.754 , -0.434257 , 1.28851
1.755 , -0.434698 , 1.28936
1.756 , -0.435141 , 1.29022
1.757 , -0.43558 , 1.29107
1.758 , -0.436013 , 1.29193
1.759 , -0.436436 , 1.29279
1.76 , -0.436851 , 1.29364
1.761 , -0.437257 , 1.2945
1.762 , -0.43766 , 1.29536
1.763 , -0.438062 , 1.29621
1.764 , -0.43847 , 1.29707
1.765 , -0.438886 , 1.29793
1.766 , -0.439314 , 1.29879
1.767 , -0.439755 , 1.29965
1.768 , -0.440209 , 1.30051
1.769 , -0.440673 , 1.30137
1.77 , -0.441141 , 1.30223
1.771 , -0.44161 , 1.30309
1.772 , -0.442072 , 1.30395
1.773 , -0.442523 , 1.30482
1.774 , -0.442959 , 1.30568
1.775 , -0.443378 , 1.30654
1.776 , -0.44378 , 1.30741
1.777 , -0.444168 , 1.30827
1.778 , -0.444545 , 1.30913
1.779 , -0.444919 , 1.31
1.78 , -0.445293 , 1.31086
1.781 , -0.445674 , 1.31173
1.782 , -0.446067 , 1.3126
1.783 , -0.446472 , 1.31346
1.784 , -0.446891 , 1.31433
1.785 , -0.447323 , 1.3152
1.786 , -0.447763 , 1.31607
1.787 , -0.448208 , 1.31693
1.788 , -0.448652 , 1.3178
1.789 , -0.449091 , 1.31867
1.79 , -0.449522 , 1.31954
1.791 , -0.449944 , 1.32041
1.792 , -0.450358 , 1.32128
1.793 , -0.450764 , 1.32215
1.794 , -0.451168 , 1.32303
1.795 , -0.451572 , 1.3239
1.796 , -0.451983 , 1.32477
1.797 , -0.452403 , 1.32564
1.798 , -0.452834 , 1.32652
1.799 , -0.453277 , 1.32739
1.8 , -0.453731 , 1.32827
1.801 , -0.454191 , 1.32914
1.802 , -0.454654 , 1.33002
1.803 , -0.455114 , 1.33089
1.804 , -0.455567 , 1.33177
1.805 , -0.456007 , 1.33264
1.806 , -0.456432 , 1.33352
1.807 , -0.456841 , 1.3344
1.808 , -0.457237 , 1.33528
1.809 , -0.457621 , 1.33615
1.81 , -0.458 , 1.33703
1.811 , -0.458378 , 1.33791
1.812 , -0.45876 , 1.33879
1.813 , -0.459152 , 1.33967
1.814 , -0.459557 , 1.34055
1.815 , -0.459976 , 1.34143
1.816 , -0.460408 , 1.34232
1.817 , -0.460851 , 1.3432
1.818 , -0.4613 , 1.34408
1.819 , -0.461751 , 1.34496
1.82 , -0.4622 , 1.34585
1.821 , -0.462641 , 1.34673
1.822 , -0.463073 , 1.34761
1.823 , -0.463496 , 1.3485
1.824 , -0.463909 , 1.34938
1.825 , -0.464316 , 1.35027
1.826 , -0.464721 , 1.35116
1.827 , -0.465127 , 1.35204
1.828 , -0.46554 , 1.35293
1.829 , -0.465961 , 1.35382
1.83 , -0.466392 , 1.35471
1.831 , -0.466833 , 1.35559
1.832 , -0.467283 , 1.35648
1.833 , -0.467737 , 1.35737
1.834 , -0.468191 , 1.35826
1.835 , -0.468641 , 1.35915
1.836 , -0.469082 , 1.36004
1.837 , -0.46951 , 1.36094
1.838 , -0.469926 , 1.36183
1.839 , -0.470328 , 1.36272
1.84 , -0.470719 , 1.36361
1.841 , -0.471103 , 1.36451
1.842 , -0.471485 , 1.3654
1.843 , -0.471871 , 1.36629
1.844 , -0.472265 , 1.36719
1.845 , -0.472671 , 1.36808
1.846 , -0.47309 , 1.36898
1.847 , -0.473524 , 1.36987
1.848 , -0.473969 , 1.37077
1.849 , -0.474424 , 1.37167
1.85 , -0.474882 , 1.37257
1.851 , -0.475339 , 1.37346
1.852 , -0.475792 , 1.37436
1.853 , -0.476235 , 1.37526
1.854 , -0.476668 , 1.37616
1.855 , -0.47709 , 1.37706
1.856 , -0.477503 , 1.37796
1.857 , -0.477911 , 1.37886
1.858 , -0.478316 , 1.37976
1.859 , -0.478724 , 1.38066
1.86 , -0.479137 , 1.38157
1.861 , -0.479558 , 1.38247
1.862 , -0.479989 , 1.38337
1.863 , -0.480428 , 1.38427
1.864 , -0.480873 , 1.38518
1.865 , -0.48132 , 1.38608
1.866 , -0.481766 , 1.38699
1.867 , -0.482207 , 1.38789
1.868 , -0.482638 , 1.3888
1.869 , -0.483058 , 1.38971
1.87 , -0.483466 , 1.39061
1.871 , -0.483864 , 1.39152
1.872 , -0.484254 , 1.39243
1.873 , -0.484642 , 1.39334
1.874 , -0.485031 , 1.39425
1.875 , -0.485426 , 1.39516
1.876 , -0.485833 , 1.39607
1.877 , -0.486252 , 1.39698
1.878 , -0.486686 , 1.39789
1.879 , -0.487133 , 1.3988
1.88 , -0.487589 , 1.39971
1.881 , -0.488053 , 1.40062
1.882 , -0.488517 , 1.40154
1.883 , -0.488978 , 1.40245
1.884 , -0.489431 , 1.40336
1.885 , -0.489874 , 1.40428
1.886 , -0.490306 , 1.40519
1.887 , -0.490727 , 1.40611
1.888 , -0.491139 , 1.40702
1.889 , -0.491547 , 1.40794
1.89 , -0.491953 , 1.40885
1.891 , -0.492362 , 1.40977
1.892 , -0.492777 , 1.41069
1.893 , -0.493199 , 1.41161
1.894 , -0.49363 , 1.41253
1.895 , -0.494069 , 1.41345
1.896 , -0.494511 , 1.41437
1.897 , -0.494955 , 1.41529
1.898 , -0.495396 , 1.41621
1.899 , -0.495831 , 1.41713
1.9 , -0.496256 , 1.41805
1.901 , -0.496671 , 1.41897
1.902 , -0.497077 , 1.41989
1.903 , -0.497474 , 1.42082
1.904 , -0.497867 , 1.42174
1.905 , -0.498261 , 1.42266
1.906 , -0.498658 , 1.42359
1.907 , -0.499064 , 1.42451
1.908 , -0.499482 , 1.42544
1.909 , -0.499914 , 1.42637
1.91 , -0.500358 , 1.42729
1.911 , -0.500814 , 1.42822
1.912 , -0.501278 , 1.42915
1.913 , -0.501745 , 1.43008
1.914 , -0.502211 , 1.431
1.915 , -0.502671 , 1.43193
1.916 , -0.503123 , 1.43286
1.917 , -0.503562 , 1.43379
1.918 , -0.503991 , 1.43472
1.919 , -0.50441 , 1.43565
1.92 , -0.504821 , 1.43659
1.921 , -0.505229 , 1.43752
1.922 , -0.505637 , 1.43845
1.923 , -0.506049 , 1.43938
1.924 , -0.506468 , 1.44032
1.925 , -0.506895 , 1.44125
1.926 , -0.50733 , 1.44219
1.927 , -0.507771 , 1.44312
1.928 , -0.508215 , 1.44406
1.929 , -0.508659 , 1.44499
1.93 , -0.509099 , 1.44593
1.931 , -0.509532 , 1.44687
1.932 , -0.509956 , 1.4478
1.933 , -0.510371 , 1.44874
1.934 , -0.510777 , 1.44968
1.935 , -0.511177 , 1.45062
1.936 , -0.511575 , 1.45156
1.937 , -0.511975 , 1.4525
1.938 , -0.512381 , 1.45344
1.939 , -0.512797 , 1.45438
1.94 , -0.513224 , 1.45532
1.941 , -0.513664 , 1.45627
1.942 , -0.514116 , 1.45721
1.943 , -0.514576 , 1.45815
1.944 , -0.515042 , 1.4591
1.945 , -0.515508 , 1.46004
1.946 , -0.515971 , 1.46098
1.947 , -0.516427 , 1.46193
1.948 , -0.516873 , 1.46288
1.949 , -0.517308 , 1.46382
1.95 , -0.517732 , 1.46477
1.951 , -0.518148 , 1.46572
1.952 , -0.51856 , 1.46666
1.953 , -0.51897 , 1.46761
1.954 , -0.519382 , 1.46856
1.955 , -0.519801 , 1.46951
1.956 , -0.520227 , 1.47046
1.957 , -0.520661 , 1.47141
1.958 , -0.521103 , 1.47236
1.959 , -0.52155 , 1.47331
1.96 , -0.521999 , 1.47427
1.961 , -0.522447 , 1.47522
1.962 , -0.522889 , 1.47617
1.963 , -0.523324 , 1.47712
1.964 , -0.523751 , 1.47808
1.965 , -0.524168 , 1.47903
1.966 , -0.524577 , 1.47999
1.967 , -0.524982 , 1.48094
1.968 , -0.525386 , 1.4819
1.969 , -0.525793 , 1.48286
1.97 , -0.526207 , 1.48381
1.971 , -0.52663 , 1.48477
1.972 , -0.527064 , 1.48573
1.973 , -0.527509 , 1.48669
1.974 , -0.527963 , 1.48765
1.975 , -0.528424 , 1.48861
1.976 , -0.528887 , 1.48957
1.977 , -0.52935 , 1.49053
1.978 , -0.529807 , 1.49149
1.979 , -0.530256 , 1.49245
1.98 , -0.530695 , 1.49342
1.981 , -0.531125 , 1.49438
1.982 , -0.531546 , 1.49534
1.983 , -0.531961 , 1.49631
1.984 , -0.532374 , 1.49727
1.985 , -0.532788 , 1.49824
1.986 , -0.533208 , 1.4992
1.987 , -0.533635 , 1.50017
1.988 , -0.53407 , 1.50114
1.989 , -0.534515 , 1.5021
1.99 , -0.534966 , 1.50307
1.991 , -0.535421 , 1.50404
1.992 , -0.535877 , 1.50501
1.993 , -0.536331 , 1.50598
1.994 , -0.536778 , 1.50695
1.995 , -0.537217 , 1.50792
1.996 , -0.537647 , 1.50889
1.997 , -0.538068 , 1.50986
1.998 , -0.538483 , 1.51083
1.999 , -0.538893 , 1.5118
2 , -0.539303 , 1.51278
