0 , 1 , 0
0 , 1 , 0
0.001 , 0.997797 , 0.000997812
0.002 , 0.995208 , 0.00199052
0.003 , 0.992294 , 0.0029771
0.004 , 0.989142 , 0.00395671
0.005 , 0.98586 , 0.00492871
0.006 , 0.982558 , 0.0058927
0.007 , 0.979335 , 0.00684854
0.008 , 0.976273 , 0.00779629
0.009 , 0.973423 , 0.00873621
0.01 , 0.970804 , 0.00966868
0.011 , 0.968407 , 0.0105942
0.012 , 0.966198 , 0.0115131
0.013 , 0.964131 , 0.012426
0.014 , 0.962154 , 0.0133332
0.015 , 0.960225 , 0.0142351
0.016 , 0.958315 , 0.0151321
0.017 , 0.956419 , 0.0160244
0.018 , 0.954552 , 0.0169124
0.019 , 0.952748 , 0.0177964
0.02 , 0.951054 , 0.018677
0.021 , 0.949518 , 0.0195545
0.022 , 0.94818 , 0.0204296
0.023 , 0.94706 , 0.0213028
0.024 , 0.946155 , 0.0221746
0.025 , 0.945428 , 0.0230454
0.026 , 0.944816 , 0.0239155
0.027 , 0.944232 , 0.0247851
0.028 , 0.943574 , 0.025654
0.029 , 0.942739 , 0.0265219
0.03 , 0.941635 , 0.0273884
0.031 , 0.940192 , 0.0282525
0.032 , 0.938375 , 0.0291137
0.033 , 0.936185 , 0.029971
0.034 , 0.93366 , 0.0308236
0.035 , 0.93087 , 0.0316708
0.036 , 0.927908 , 0.0325122
0.037 , 0.924878 , 0.0333473
0.038 , 0.921881 , 0.0341761
0.039 , 0.919001 , 0.0349987
0.04 , 0.916301 , 0.0358155
0.041 , 0.913812 , 0.0366267
0.042 , 0.911538 , 0.0374329
0.043 , 0.909453 , 0.0382345
0.044 , 0.907517 , 0.0390322
0.045 , 0.905679 , 0.0398262
0.046 , 0.90389 , 0.0406169
0.047 , 0.902112 , 0.0414047
0.048 , 0.900329 , 0.0421898
0.049 , 0.898543 , 0.0429724
0.05 , 0.896779 , 0.0437528
0.051 , 0.895077 , 0.0445312
0.052 , 0.893485 , 0.045308
0.053 , 0.892051 , 0.0460837
0.054 , 0.890809 , 0.0468585
0.055 , 0.889771 , 0.047633
0.056 , 0.888926 , 0.0484075
0.057 , 0.888232 , 0.0491823
0.058 , 0.887621 , 0.0499575
0.059 , 0.887008 , 0.050733
0.06 , 0.886296 , 0.0515086
0.061 , 0.885394 , 0.0522838
0.062 , 0.884226 , 0.0530579
0.063 , 0.882742 , 0.0538302
0.064 , 0.880924 , 0.0545997
0.065 , 0.878789 , 0.0553657
0.066 , 0.876387 , 0.0561273
0.067 , 0.873794 , 0.0568838
0.068 , 0.871102 , 0.0576347
0.069 , 0.868405 , 0.0583798
0.07 , 0.865788 , 0.059119
0.071 , 0.863317 , 0.0598522
0.072 , 0.861034 , 0.0605798
0.073 , 0.858949 , 0.0613019
0.074 , 0.857046 , 0.062019
0.075 , 0.855288 , 0.0627313
0.076 , 0.853626 , 0.0634392
0.077 , 0.852007 , 0.0641427
0.078 , 0.850385 , 0.0648422
0.079 , 0.848732 , 0.0655376
0.08 , 0.847038 , 0.0662292
0.081 , 0.845319 , 0.0669169
0.082 , 0.843607 , 0.067601
0.083 , 0.841948 , 0.0682817
0.084 , 0.840395 , 0.0689593
0.085 , 0.838993 , 0.0696341
0.086 , 0.837773 , 0.0703066
0.087 , 0.836743 , 0.0709772
0.088 , 0.835886 , 0.0716464
0.089 , 0.835157 , 0.0723143
0.09 , 0.834488 , 0.0729813
0.091 , 0.833798 , 0.0736474
0.092 , 0.833002 , 0.0743123
0.093 , 0.83202 , 0.0749758
0.094 , 0.830795 , 0.0756375
0.095 , 0.829292 , 0.0762967
0.096 , 0.827509 , 0.076953
0.097 , 0.825477 , 0.0776058
0.098 , 0.823253 , 0.0782545
0.099 , 0.820913 , 0.0788989
0.1 , 0.818541 , 0.0795387
0.101 , 0.816218 , 0.080174
0.102 , 0.814012 , 0.0808048
0.103 , 0.811968 , 0.0814315
0.104 , 0.810103 , 0.0820542
0.105 , 0.80841 , 0.0826735
0.106 , 0.806857 , 0.0832895
0.107 , 0.805394 , 0.0839026
0.108 , 0.803968 , 0.084513
0.109 , 0.802527 , 0.0851207
0.11 , 0.801031 , 0.0857259
0.111 , 0.799461 , 0.0863284
0.112 , 0.79782 , 0.0869283
0.113 , 0.796131 , 0.0875255
0.114 , 0.794437 , 0.0881202
0.115 , 0.792791 , 0.0887124
0.116 , 0.791246 , 0.0893024
0.117 , 0.789847 , 0.0898904
0.118 , 0.788622 , 0.0904769
0.119 , 0.787575 , 0.0910621
0.12 , 0.786685 , 0.0916464
0.121 , 0.785904 , 0.09223
0.122 , 0.785168 , 0.0928131
0.123 , 0.784402 , 0.0933956
0.124 , 0.78353 , 0.0939773
0.125 , 0.782488 , 0.094558
0.126 , 0.781231 , 0.0951372
0.127 , 0.779741 , 0.0957144
0.128 , 0.77803 , 0.0962891
0.129 , 0.776136 , 0.096861
0.13 , 0.774119 , 0.0974295
0.131 , 0.772051 , 0.0979945
0.132 , 0.770007 , 0.0985558
0.133 , 0.768053 , 0.0991135
0.134 , 0.766236 , 0.0996677
0.135 , 0.764582 , 0.100219
0.136 , 0.763089 , 0.100767
0.137 , 0.761731 , 0.101312
0.138 , 0.760464 , 0.101854
0.139 , 0.759233 , 0.102394
0.14 , 0.757982 , 0.102931
0.141 , 0.756664 , 0.103466
0.142 , 0.755249 , 0.103998
0.143 , 0.753727 , 0.104526
0.144 , 0.752113 , 0.105052
0.145 , 0.750442 , 0.105575
0.146 , 0.748763 , 0.106094
0.147 , 0.747133 , 0.10661
0.148 , 0.745607 , 0.107123
0.149 , 0.744226 , 0.107633
0.15 , 0.743015 , 0.108141
0.151 , 0.741971 , 0.108647
0.152 , 0.741069 , 0.109152
0.153 , 0.740261 , 0.109655
0.154 , 0.739485 , 0.110156
0.155 , 0.738671 , 0.110656
0.156 , 0.737753 , 0.111155
0.157 , 0.73668 , 0.111653
0.158 , 0.735421 , 0.112148
0.159 , 0.733971 , 0.112641
0.16 , 0.732351 , 0.113132
0.161 , 0.730604 , 0.11362
0.162 , 0.728791 , 0.114105
0.163 , 0.726979 , 0.114587
0.164 , 0.72523 , 0.115066
0.165 , 0.723596 , 0.115543
0.166 , 0.722106 , 0.116016
0.167 , 0.720769 , 0.116488
0.168 , 0.719565 , 0.116957
0.169 , 0.718458 , 0.117424
0.17 , 0.717395 , 0.11789
0.171 , 0.71632 , 0.118353
0.172 , 0.71518 , 0.118814
0.173 , 0.713936 , 0.119274
0.174 , 0.712567 , 0.11973
0.175 , 0.711077 , 0.120185
0.176 , 0.70949 , 0.120636
0.177 , 0.70785 , 0.121084
0.178 , 0.706211 , 0.121529
0.179 , 0.704633 , 0.121971
0.18 , 0.703166 , 0.122411
0.181 , 0.701849 , 0.122847
0.182 , 0.700696 , 0.123282
0.183 , 0.6997 , 0.123714
0.184 , 0.698831 , 0.124145
0.185 , 0.698037 , 0.124575
0.186 , 0.697259 , 0.125003
0.187 , 0.696432 , 0.12543
0.188 , 0.6955 , 0.125855
0.189 , 0.694422 , 0.12628
0.19 , 0.693179 , 0.126702
0.191 , 0.691778 , 0.127122
0.192 , 0.690247 , 0.127541
0.193 , 0.688633 , 0.127957
0.194 , 0.686996 , 0.12837
0.195 , 0.685395 , 0.128782
0.196 , 0.683884 , 0.129191
0.197 , 0.682498 , 0.129598
0.198 , 0.681254 , 0.130003
0.199 , 0.680144 , 0.130407
0.2 , 0.679141 , 0.130809
0.201 , 0.678198 , 0.13121
0.202 , 0.677261 , 0.13161
0.203 , 0.676275 , 0.132008
0.204 , 0.675196 , 0.132405
0.205 , 0.673992 , 0.1328
0.206 , 0.672656 , 0.133193
0.207 , 0.671201 , 0.133584
0.208 , 0.669661 , 0.133972
0.209 , 0.668085 , 0.134357
0.21 , 0.66653 , 0.13474
0.211 , 0.665053 , 0.13512
0.212 , 0.663699 , 0.135497
0.213 , 0.662496 , 0.135872
0.214 , 0.661453 , 0.136246
0.215 , 0.660552 , 0.136618
0.216 , 0.659756 , 0.136988
0.217 , 0.659013 , 0.137357
0.218 , 0.658264 , 0.137725
0.219 , 0.657449 , 0.138092
0.22 , 0.656521 , 0.138458
0.221 , 0.65545 , 0.138823
0.222 , 0.654228 , 0.139186
0.223 , 0.652871 , 0.139547
0.224 , 0.651414 , 0.139906
0.225 , 0.649907 , 0.140262
0.226 , 0.648406 , 0.140617
0.227 , 0.646965 , 0.14097
0.228 , 0.645628 , 0.141321
0.229 , 0.64442 , 0.14167
0.23 , 0.643345 , 0.142017
0.231 , 0.642385 , 0.142363
0.232 , 0.641506 , 0.142708
0.233 , 0.640658 , 0.143051
0.234 , 0.639788 , 0.143393
0.235 , 0.638848 , 0.143734
0.236 , 0.637799 , 0.144072
0.237 , 0.636624 , 0.144409
0.238 , 0.635324 , 0.144744
0.239 , 0.633921 , 0.145075
0.24 , 0.632456 , 0.145404
0.241 , 0.630982 , 0.145731
0.242 , 0.629554 , 0.146054
0.243 , 0.628221 , 0.146374
0.244 , 0.627022 , 0.146692
0.245 , 0.625974 , 0.147007
0.246 , 0.625073 , 0.14732
0.247 , 0.624294 , 0.147632
0.248 , 0.623594 , 0.147942
0.249 , 0.622919 , 0.14825
0.25 , 0.62221 , 0.148558
0.251 , 0.621415 , 0.148864
0.252 , 0.620495 , 0.149168
0.253 , 0.619432 , 0.149471
0.254 , 0.618227 , 0.149772
0.255 , 0.616903 , 0.150071
0.256 , 0.615503 , 0.150368
0.257 , 0.614077 , 0.150662
0.258 , 0.61268 , 0.150955
0.259 , 0.61136 , 0.151246
0.26 , 0.610151 , 0.151535
0.261 , 0.609069 , 0.151823
0.262 , 0.608109 , 0.15211
0.263 , 0.607246 , 0.152396
0.264 , 0.606442 , 0.15268
0.265 , 0.605647 , 0.152965
0.266 , 0.604811 , 0.153248
0.267 , 0.603894 , 0.15353
0.268 , 0.602867 , 0.153811
0.269 , 0.60172 , 0.154091
0.27 , 0.600467 , 0.154369
0.271 , 0.599135 , 0.154645
0.272 , 0.59777 , 0.154919
0.273 , 0.596424 , 0.155191
0.274 , 0.595146 , 0.155461
0.275 , 0.59398 , 0.155729
0.276 , 0.592952 , 0.155996
0.277 , 0.592068 , 0.156262
0.278 , 0.591315 , 0.156526
0.279 , 0.590659 , 0.156789
0.28 , 0.590051 , 0.157052
0.281 , 0.589437 , 0.157314
0.282 , 0.588763 , 0.157576
0.283 , 0.587982 , 0.157836
0.284 , 0.587066 , 0.158096
0.285 , 0.586006 , 0.158354
0.286 , 0.584814 , 0.158611
0.287 , 0.58352 , 0.158866
0.288 , 0.582171 , 0.15912
0.289 , 0.580818 , 0.159371
0.29 , 0.579513 , 0.159621
0.291 , 0.578296 , 0.159869
0.292 , 0.577194 , 0.160115
0.293 , 0.576214 , 0.16036
0.294 , 0.575345 , 0.160604
0.295 , 0.574555 , 0.160847
0.296 , 0.573804 , 0.161089
0.297 , 0.573044 , 0.16133
0.298 , 0.57223 , 0.16157
0.299 , 0.57133 , 0.161808
0.3 , 0.570323 , 0.162045
0.301 , 0.56921 , 0.16228
0.302 , 0.56801 , 0.162513
0.303 , 0.566759 , 0.162744
0.304 , 0.565501 , 0.162972
0.305 , 0.564286 , 0.163199
0.306 , 0.563159 , 0.163423
0.307 , 0.562152 , 0.163645
0.308 , 0.561282 , 0.163865
0.309 , 0.560545 , 0.164084
0.31 , 0.559918 , 0.164302
0.311 , 0.55936 , 0.164518
0.312 , 0.558821 , 0.164733
0.313 , 0.558248 , 0.164947
0.314 , 0.557591 , 0.16516
0.315 , 0.556814 , 0.165372
0.316 , 0.555898 , 0.165582
0.317 , 0.554843 , 0.165791
0.318 , 0.55367 , 0.165998
0.319 , 0.552417 , 0.166203
0.32 , 0.55113 , 0.166405
0.321 , 0.549862 , 0.166606
0.322 , 0.548657 , 0.166805
0.323 , 0.54755 , 0.167002
0.324 , 0.546559 , 0.167198
0.325 , 0.545683 , 0.167393
0.326 , 0.544902 , 0.167586
0.327 , 0.544181 , 0.167779
0.328 , 0.543479 , 0.167971
0.329 , 0.542751 , 0.168162
0.33 , 0.541957 , 0.168353
0.331 , 0.541072 , 0.168542
0.332 , 0.540085 , 0.168731
0.333 , 0.539004 , 0.168918
0.334 , 0.537856 , 0.169104
0.335 , 0.536678 , 0.169288
0.336 , 0.535516 , 0.169471
0.337 , 0.534416 , 0.169652
0.338 , 0.533415 , 0.169833
0.339 , 0.532538 , 0.170012
0.34 , 0.531792 , 0.17019
0.341 , 0.531164 , 0.170367
0.342 , 0.530624 , 0.170544
0.343 , 0.530128 , 0.170721
0.344 , 0.529626 , 0.170897
0.345 , 0.529069 , 0.171073
0.346 , 0.528415 , 0.171248
0.347 , 0.527635 , 0.171422
0.348 , 0.526722 , 0.171596
0.349 , 0.525685 , 0.171768
0.35 , 0.524551 , 0.171938
0.351 , 0.523361 , 0.172108
0.352 , 0.522164 , 0.172275
0.353 , 0.521005 , 0.172441
0.354 , 0.519925 , 0.172605
0.355 , 0.518949 , 0.172768
0.356 , 0.518086 , 0.172929
0.357 , 0.517325 , 0.17309
0.358 , 0.51664 , 0.17325
0.359 , 0.515993 , 0.173409
0.36 , 0.515342 , 0.173567
0.361 , 0.514645 , 0.173725
0.362 , 0.513869 , 0.173881
0.363 , 0.512995 , 0.174037
0.364 , 0.512022 , 0.174191
0.365 , 0.510965 , 0.174344
0.366 , 0.509855 , 0.174495
0.367 , 0.508733 , 0.174644
0.368 , 0.507643 , 0.174792
0.369 , 0.506629 , 0.174938
0.37 , 0.50572 , 0.175083
0.371 , 0.504934 , 0.175226
0.372 , 0.50427 , 0.175368
0.373 , 0.503708 , 0.175509
0.374 , 0.503215 , 0.17565
0.375 , 0.502747 , 0.175789
0.376 , 0.502255 , 0.175928
0.377 , 0.501696 , 0.176067
0.378 , 0.501037 , 0.176204
0.379 , 0.500259 , 0.17634
0.38 , 0.499362 , 0.176475
0.381 , 0.498363 , 0.176608
0.382 , 0.497294 , 0.17674
0.383 , 0.496198 , 0.17687
0.384 , 0.49512 , 0.176998
0.385 , 0.4941 , 0.177124
0.386 , 0.49317 , 0.17725
0.387 , 0.492345 , 0.177374
0.388 , 0.491623 , 0.177497
0.389 , 0.490986 , 0.177619
0.39 , 0.490402 , 0.17774
0.391 , 0.489829 , 0.177861
0.392 , 0.489226 , 0.177982
0.393 , 0.488555 , 0.178101
0.394 , 0.48779 , 0.17822
0.395 , 0.486919 , 0.178339
0.396 , 0.48595 , 0.178455
0.397 , 0.484903 , 0.178571
0.398 , 0.483816 , 0.178686
0.399 , 0.48273 , 0.178799
0.4 , 0.48169 , 0.17891
0.401 , 0.480733 , 0.179021
0.402 , 0.479884 , 0.17913
0.403 , 0.479156 , 0.179238
0.404 , 0.478539 , 0.179346
0.405 , 0.478012 , 0.179453
0.406 , 0.477537 , 0.17956
0.407 , 0.477073 , 0.179666
0.408 , 0.476576 , 0.179772
0.409 , 0.476009 , 0.179878
0.41 , 0.475347 , 0.179983
0.411 , 0.474581 , 0.180087
0.412 , 0.473717 , 0.18019
0.413 , 0.472778 , 0.180292
0.414 , 0.471799 , 0.180392
0.415 , 0.470821 , 0.180492
0.416 , 0.469884 , 0.18059
0.417 , 0.469021 , 0.180687
0.418 , 0.468253 , 0.180783
0.419 , 0.467585 , 0.180878
0.42 , 0.467005 , 0.180972
0.421 , 0.466488 , 0.181066
0.422 , 0.465996 , 0.18116
0.423 , 0.465487 , 0.181253
0.424 , 0.464921 , 0.181346
0.425 , 0.464265 , 0.181438
0.426 , 0.4635 , 0.18153
0.427 , 0.462624 , 0.18162
0.428 , 0.461649 , 0.181709
0.429 , 0.460605 , 0.181797
0.43 , 0.459532 , 0.181883
0.431 , 0.458472 , 0.181968
0.432 , 0.457468 , 0.182051
0.433 , 0.456554 , 0.182133
0.434 , 0.45575 , 0.182213
0.435 , 0.455061 , 0.182293
0.436 , 0.454475 , 0.182372
0.437 , 0.453965 , 0.18245
0.438 , 0.453497 , 0.182527
0.439 , 0.453029 , 0.182604
0.44 , 0.452523 , 0.182681
0.441 , 0.45195 , 0.182757
0.442 , 0.451293 , 0.182832
0.443 , 0.450549 , 0.182906
0.444 , 0.449731 , 0.182979
0.445 , 0.448867 , 0.183051
0.446 , 0.44799 , 0.183122
0.447 , 0.447139 , 0.183192
0.448 , 0.446347 , 0.18326
0.449 , 0.445638 , 0.183328
0.45 , 0.445023 , 0.183395
0.451 , 0.444498 , 0.183462
0.452 , 0.444043 , 0.183528
0.453 , 0.443626 , 0.183594
0.454 , 0.443205 , 0.18366
0.455 , 0.44274 , 0.183725
0.456 , 0.442195 , 0.18379
0.457 , 0.441541 , 0.183854
0.458 , 0.440769 , 0.183918
0.459 , 0.439883 , 0.183981
0.46 , 0.438905 , 0.184042
0.461 , 0.437867 , 0.184102
0.462 , 0.436813 , 0.184161
0.463 , 0.435785 , 0.184218
0.464 , 0.434823 , 0.184274
0.465 , 0.433956 , 0.184328
0.466 , 0.433198 , 0.184382
0.467 , 0.432549 , 0.184434
0.468 , 0.431993 , 0.184486
0.469 , 0.431502 , 0.184538
0.47 , 0.431039 , 0.184589
0.471 , 0.430569 , 0.184639
0.472 , 0.430059 , 0.184689
0.473 , 0.429484 , 0.184739
0.474 , 0.428837 , 0.184788
0.475 , 0.42812 , 0.184836
0.476 , 0.427353 , 0.184883
0.477 , 0.426562 , 0.18493
0.478 , 0.425783 , 0.184975
0.479 , 0.425048 , 0.18502
0.48 , 0.424383 , 0.185064
0.481 , 0.423806 , 0.185107
0.482 , 0.423318 , 0.185151
0.483 , 0.422906 , 0.185193
0.484 , 0.422543 , 0.185236
0.485 , 0.422194 , 0.185279
0.486 , 0.421818 , 0.185321
0.487 , 0.421374 , 0.185364
0.488 , 0.420833 , 0.185406
0.489 , 0.420175 , 0.185447
0.49 , 0.419395 , 0.185487
0.491 , 0.418507 , 0.185527
0.492 , 0.417538 , 0.185565
0.493 , 0.416525 , 0.185601
0.494 , 0.41551 , 0.185636
0.495 , 0.414535 , 0.18567
0.496 , 0.413635 , 0.185702
0.497 , 0.412834 , 0.185733
0.498 , 0.412138 , 0.185763
0.499 , 0.411543 , 0.185792
0.5 , 0.411028 , 0.185821
0.501 , 0.410563 , 0.185849
0.502 , 0.410113 , 0.185876
0.503 , 0.409645 , 0.185903
0.504 , 0.409133 , 0.18593
0.505 , 0.408559 , 0.185956
0.506 , 0.40792 , 0.185981
0.507 , 0.407226 , 0.186006
0.508 , 0.4065 , 0.18603
0.509 , 0.405769 , 0.186053
0.51 , 0.405067 , 0.186076
0.511 , 0.404422 , 0.186098
0.512 , 0.403854 , 0.186119
0.513 , 0.403374 , 0.18614
0.514 , 0.402974 , 0.186161
0.515 , 0.402636 , 0.186182
0.516 , 0.402329 , 0.186203
0.517 , 0.402016 , 0.186224
0.518 , 0.401657 , 0.186244
0.519 , 0.401217 , 0.186265
0.52 , 0.400672 , 0.186285
0.521 , 0.400009 , 0.186305
0.522 , 0.399233 , 0.186324
0.523 , 0.398361 , 0.186342
0.524 , 0.397425 , 0.186358
0.525 , 0.396464 , 0.186373
0.526 , 0.395518 , 0.186387
0.527 , 0.394626 , 0.1864
0.528 , 0.393816 , 0.186412
0.529 , 0.393103 , 0.186422
0.53 , 0.39249 , 0.186432
0.531 , 0.391964 , 0.186441
0.532 , 0.391501 , 0.186449
0.533 , 0.391069 , 0.186457
0.534 , 0.390636 , 0.186465
0.535 , 0.390173 , 0.186473
0.536 , 0.389656 , 0.18648
0.537 , 0.389078 , 0.186487
0.538 , 0.38844 , 0.186493
0.539 , 0.387757 , 0.186498
0.54 , 0.387055 , 0.186503
0.541 , 0.386363 , 0.186508
0.542 , 0.385712 , 0.186511
0.543 , 0.385126 , 0.186514
0.544 , 0.384621 , 0.186517
0.545 , 0.3842 , 0.18652
0.546 , 0.383851 , 0.186522
0.547 , 0.383552 , 0.186525
0.548 , 0.38327 , 0.186527
0.549 , 0.382967 , 0.18653
0.55 , 0.382608 , 0.186532
0.551 , 0.382164 , 0.186534
0.552 , 0.381615 , 0.186536
0.553 , 0.380957 , 0.186537
0.554 , 0.380201 , 0.186537
0.555 , 0.379368 , 0.186536
0.556 , 0.378492 , 0.186534
0.557 , 0.377612 , 0.18653
0.558 , 0.376764 , 0.186525
0.559 , 0.37598 , 0.186519
0.56 , 0.375282 , 0.186512
0.561 , 0.374676 , 0.186504
0.562 , 0.374157 , 0.186495
0.563 , 0.373708 , 0.186486
0.564 , 0.373301 , 0.186476
0.565 , 0.372903 , 0.186466
0.566 , 0.372485 , 0.186456
0.567 , 0.372021 , 0.186445
0.568 , 0.371495 , 0.186434
0.569 , 0.370904 , 0.186422
0.57 , 0.370256 , 0.18641
0.571 , 0.369572 , 0.186396
0.572 , 0.368879 , 0.186383
0.573 , 0.368208 , 0.186368
0.574 , 0.367586 , 0.186353
0.575 , 0.367036 , 0.186338
0.576 , 0.366567 , 0.186322
0.577 , 0.366178 , 0.186306
0.578 , 0.365855 , 0.186289
0.579 , 0.365571 , 0.186273
0.58 , 0.365293 , 0.186257
0.581 , 0.364987 , 0.186241
0.582 , 0.364621 , 0.186225
0.583 , 0.364172 , 0.186208
0.584 , 0.363626 , 0.186192
0.585 , 0.362986 , 0.186174
0.586 , 0.362266 , 0.186156
0.587 , 0.361491 , 0.186137
0.588 , 0.360697 , 0.186117
0.589 , 0.359916 , 0.186096
0.59 , 0.359182 , 0.186074
0.591 , 0.358518 , 0.186052
0.592 , 0.357938 , 0.186028
0.593 , 0.357442 , 0.186005
0.594 , 0.357017 , 0.18598
0.595 , 0.35664 , 0.185956
0.596 , 0.356281 , 0.185932
0.597 , 0.35591 , 0.185907
0.598 , 0.355498 , 0.185883
0.599 , 0.355026 , 0.185858
0.6 , 0.354484 , 0.185833
0.601 , 0.353874 , 0.185807
0.602 , 0.353213 , 0.185781
0.603 , 0.352523 , 0.185754
0.604 , 0.351834 , 0.185727
0.605 , 0.351176 , 0.185699
0.606 , 0.350576 , 0.185671
0.607 , 0.350051 , 0.185642
0.608 , 0.349608 , 0.185613
0.609 , 0.349241 , 0.185584
0.61 , 0.348932 , 0.185554
0.611 , 0.348654 , 0.185525
0.612 , 0.348374 , 0.185496
0.613 , 0.348062 , 0.185466
0.614 , 0.347689 , 0.185437
0.615 , 0.347237 , 0.185407
0.616 , 0.346701 , 0.185377
0.617 , 0.346086 , 0.185346
0.618 , 0.345412 , 0.185314
0.619 , 0.344704 , 0.185281
0.62 , 0.343996 , 0.185248
0.621 , 0.343317 , 0.185213
0.622 , 0.342694 , 0.185178
0.623 , 0.342144 , 0.185142
0.624 , 0.341672 , 0.185105
0.625 , 0.341271 , 0.185068
0.626 , 0.340923 , 0.185031
0.627 , 0.340601 , 0.184993
0.628 , 0.340276 , 0.184955
0.629 , 0.339918 , 0.184917
0.63 , 0.339504 , 0.184878
0.631 , 0.339019 , 0.18484
0.632 , 0.33846 , 0.1848
0.633 , 0.337836 , 0.18476
0.634 , 0.337167 , 0.184719
0.635 , 0.33648 , 0.184678
0.636 , 0.335804 , 0.184635
0.637 , 0.33517 , 0.184592
0.638 , 0.334601 , 0.184549
0.639 , 0.334109 , 0.184504
0.64 , 0.333697 , 0.18446
0.641 , 0.333355 , 0.184415
0.642 , 0.333063 , 0.18437
0.643 , 0.332792 , 0.184325
0.644 , 0.332511 , 0.18428
0.645 , 0.332193 , 0.184235
0.646 , 0.331814 , 0.18419
0.647 , 0.331361 , 0.184144
0.648 , 0.330834 , 0.184098
0.649 , 0.330244 , 0.184052
0.65 , 0.329611 , 0.184004
0.651 , 0.328963 , 0.183957
0.652 , 0.32833 , 0.183908
0.653 , 0.327737 , 0.183859
0.654 , 0.327205 , 0.18381
0.655 , 0.326746 , 0.18376
0.656 , 0.326356 , 0.18371
0.657 , 0.326023 , 0.18366
0.658 , 0.325727 , 0.18361
0.659 , 0.325438 , 0.18356
0.66 , 0.325129 , 0.183511
0.661 , 0.324773 , 0.183461
0.662 , 0.324352 , 0.183411
0.663 , 0.323857 , 0.183361
0.664 , 0.323291 , 0.183311
0.665 , 0.322668 , 0.18326
0.666 , 0.322012 , 0.183209
0.667 , 0.321349 , 0.183157
0.668 , 0.320711 , 0.183105
0.669 , 0.320124 , 0.183052
0.67 , 0.319606 , 0.182998
0.671 , 0.319165 , 0.182945
0.672 , 0.3188 , 0.182891
0.673 , 0.318495 , 0.182838
0.674 , 0.318227 , 0.182784
0.675 , 0.317968 , 0.18273
0.676 , 0.317689 , 0.182676
0.677 , 0.317365 , 0.182622
0.678 , 0.316976 , 0.182568
0.679 , 0.316517 , 0.182514
0.68 , 0.315992 , 0.182459
0.681 , 0.315414 , 0.182404
0.682 , 0.314807 , 0.182348
0.683 , 0.314198 , 0.182291
0.684 , 0.313615 , 0.182234
0.685 , 0.31308 , 0.182176
0.686 , 0.31261 , 0.182117
0.687 , 0.312208 , 0.182058
0.688 , 0.311868 , 0.181999
0.689 , 0.311575 , 0.18194
0.69 , 0.311304 , 0.18188
0.691 , 0.311029 , 0.18182
0.692 , 0.310724 , 0.181761
0.693 , 0.310366 , 0.181701
0.694 , 0.309942 , 0.181641
0.695 , 0.309449 , 0.18158
0.696 , 0.308895 , 0.181519
0.697 , 0.308298 , 0.181457
0.698 , 0.307683 , 0.181395
0.699 , 0.307076 , 0.181332
0.7 , 0.306505 , 0.181268
0.701 , 0.305993 , 0.181204
0.702 , 0.305551 , 0.181139
0.703 , 0.305182 , 0.181074
0.704 , 0.304879 , 0.181009
0.705 , 0.304621 , 0.180943
0.706 , 0.304384 , 0.180878
0.707 , 0.304139 , 0.180813
0.708 , 0.303859 , 0.180747
0.709 , 0.303522 , 0.180682
0.71 , 0.303116 , 0.180616
0.711 , 0.302639 , 0.18055
0.712 , 0.302099 , 0.180483
0.713 , 0.301515 , 0.180416
0.714 , 0.300912 , 0.180348
0.715 , 0.300318 , 0.180279
0.716 , 0.299758 , 0.18021
0.717 , 0.299252 , 0.18014
0.718 , 0.298811 , 0.18007
0.719 , 0.298437 , 0.18
0.72 , 0.29812 , 0.17993
0.721 , 0.297841 , 0.179859
0.722 , 0.297578 , 0.179789
0.723 , 0.297305 , 0.179719
0.724 , 0.296999 , 0.179649
0.725 , 0.296643 , 0.179579
0.726 , 0.296228 , 0.179508
0.727 , 0.295757 , 0.179438
0.728 , 0.295239 , 0.179367
0.729 , 0.294695 , 0.179296
0.73 , 0.29415 , 0.179225
0.731 , 0.293627 , 0.179154
0.732 , 0.293151 , 0.179082
0.733 , 0.292735 , 0.17901
0.734 , 0.292388 , 0.178938
0.735 , 0.292104 , 0.178866
0.736 , 0.291869 , 0.178794
0.737 , 0.291661 , 0.178722
0.738 , 0.291453 , 0.17865
0.739 , 0.291216 , 0.178579
0.74 , 0.290926 , 0.178507
0.741 , 0.290567 , 0.178436
0.742 , 0.290131 , 0.178364
0.743 , 0.289621 , 0.178291
0.744 , 0.289051 , 0.178219
0.745 , 0.288444 , 0.178145
0.746 , 0.287827 , 0.178071
0.747 , 0.287228 , 0.177996
0.748 , 0.28667 , 0.17792
0.749 , 0.286171 , 0.177844
0.75 , 0.28574 , 0.177767
0.751 , 0.285374 , 0.17769
0.752 , 0.285062 , 0.177612
0.753 , 0.284786 , 0.177535
0.754 , 0.284523 , 0.177457
0.755 , 0.28425 , 0.17738
0.756 , 0.283948 , 0.177302
0.757 , 0.283604 , 0.177224
0.758 , 0.283213 , 0.177146
0.759 , 0.282781 , 0.177068
0.76 , 0.28232 , 0.17699
0.761 , 0.281851 , 0.176911
0.762 , 0.281396 , 0.176833
0.763 , 0.280975 , 0.176754
0.764 , 0.280605 , 0.176674
0.765 , 0.280296 , 0.176595
0.766 , 0.280046 , 0.176516
0.767 , 0.279845 , 0.176437
0.768 , 0.279674 , 0.176358
0.769 , 0.279507 , 0.17628
0.77 , 0.279317 , 0.176201
0.771 , 0.279076 , 0.176123
0.772 , 0.278766 , 0.176044
0.773 , 0.278372 , 0.175965
0.774 , 0.277896 , 0.175886
0.775 , 0.277344 , 0.175806
0.776 , 0.276737 , 0.175725
0.777 , 0.2761 , 0.175644
0.778 , 0.275462 , 0.175562
0.779 , 0.27485 , 0.175479
0.78 , 0.274288 , 0.175395
0.781 , 0.27379 , 0.17531
0.782 , 0.273362 , 0.175225
0.783 , 0.272999 , 0.175139
0.784 , 0.27269 , 0.175053
0.785 , 0.272416 , 0.174967
0.786 , 0.272155 , 0.174881
0.787 , 0.271887 , 0.174795
0.788 , 0.271596 , 0.174709
0.789 , 0.271273 , 0.174623
0.79 , 0.270917 , 0.174537
0.791 , 0.270536 , 0.174451
0.792 , 0.270143 , 0.174365
0.793 , 0.269756 , 0.174279
0.794 , 0.269395 , 0.174193
0.795 , 0.269076 , 0.174107
0.796 , 0.26881 , 0.174021
0.797 , 0.268597 , 0.173935
0.798 , 0.268432 , 0.173849
0.799 , 0.268299 , 0.173764
0.8 , 0.268173 , 0.17368
0.801 , 0.26803 , 0.173595
0.802 , 0.267841 , 0.173511
0.803 , 0.267584 , 0.173427
0.804 , 0.267242 , 0.173343
0.805 , 0.266809 , 0.173258
0.806 , 0.26629 , 0.173173
0.807 , 0.265699 , 0.173087
0.808 , 0.26506 , 0.173001
0.809 , 0.2644 , 0.172914
0.81 , 0.26375 , 0.172825
0.811 , 0.263135 , 0.172736
0.812 , 0.262577 , 0.172646
0.813 , 0.262089 , 0.172556
0.814 , 0.261672 , 0.172465
0.815 , 0.261321 , 0.172373
0.816 , 0.261021 , 0.172282
0.817 , 0.260755 , 0.17219
0.818 , 0.260503 , 0.172098
0.819 , 0.260246 , 0.172007
0.82 , 0.259971 , 0.171915
0.821 , 0.259674 , 0.171824
0.822 , 0.259355 , 0.171732
0.823 , 0.259023 , 0.171641
0.824 , 0.258693 , 0.17155
0.825 , 0.258381 , 0.171459
0.826 , 0.258102 , 0.171369
0.827 , 0.257867 , 0.171278
0.828 , 0.257682 , 0.171189
0.829 , 0.257543 , 0.171099
0.83 , 0.257437 , 0.17101
0.831 , 0.257346 , 0.170922
0.832 , 0.257243 , 0.170834
0.833 , 0.257103 , 0.170746
0.834 , 0.256901 , 0.170659
0.835 , 0.256617 , 0.170571
0.836 , 0.256241 , 0.170484
0.837 , 0.255772 , 0.170396
0.838 , 0.255221 , 0.170307
0.839 , 0.254606 , 0.170218
0.84 , 0.253953 , 0.170127
0.841 , 0.253293 , 0.170036
0.842 , 0.252653 , 0.169943
0.843 , 0.252058 , 0.16985
0.844 , 0.251526 , 0.169756
0.845 , 0.251066 , 0.169661
0.846 , 0.250677 , 0.169565
0.847 , 0.250351 , 0.169469
0.848 , 0.250072 , 0.169373
0.849 , 0.249822 , 0.169276
0.85 , 0.249583 , 0.169179
0.851 , 0.249338 , 0.169083
0.852 , 0.249078 , 0.168986
0.853 , 0.248801 , 0.168889
0.854 , 0.24851 , 0.168793
0.855 , 0.248215 , 0.168696
0.856 , 0.24793 , 0.168599
0.857 , 0.24767 , 0.168503
0.858 , 0.247447 , 0.168407
0.859 , 0.247268 , 0.168311
0.86 , 0.247134 , 0.168215
0.861 , 0.247037 , 0.16812
0.862 , 0.246961 , 0.168026
0.863 , 0.246884 , 0.167931
0.864 , 0.246782 , 0.167838
0.865 , 0.246629 , 0.167744
0.866 , 0.246404 , 0.16765
0.867 , 0.246093 , 0.167557
0.868 , 0.24569 , 0.167463
0.869 , 0.2452 , 0.167369
0.87 , 0.244637 , 0.167274
0.871 , 0.244024 , 0.167178
0.872 , 0.243387 , 0.167081
0.873 , 0.242755 , 0.166983
0.874 , 0.242155 , 0.166885
0.875 , 0.241608 , 0.166786
0.876 , 0.241128 , 0.166686
0.877 , 0.240718 , 0.166585
0.878 , 0.240374 , 0.166484
0.879 , 0.240085 , 0.166383
0.88 , 0.239834 , 0.166282
0.881 , 0.239603 , 0.166181
0.882 , 0.239375 , 0.16608
0.883 , 0.239138 , 0.165979
0.884 , 0.238884 , 0.165879
0.885 , 0.238613 , 0.165778
0.886 , 0.238333 , 0.165678
0.887 , 0.238053 , 0.165579
0.888 , 0.237789 , 0.165479
0.889 , 0.237553 , 0.16538
0.89 , 0.237356 , 0.165281
0.891 , 0.237202 , 0.165183
0.892 , 0.237088 , 0.165085
0.893 , 0.237003 , 0.164988
0.894 , 0.23693 , 0.164892
0.895 , 0.236847 , 0.164796
0.896 , 0.236729 , 0.164701
0.897 , 0.236556 , 0.164606
0.898 , 0.236308 , 0.164511
0.899 , 0.235978 , 0.164416
0.9 , 0.235563 , 0.16432
0.901 , 0.235073 , 0.164225
0.902 , 0.234525 , 0.164128
0.903 , 0.233942 , 0.164031
0.904 , 0.233352 , 0.163933
0.905 , 0.232779 , 0.163835
0.906 , 0.232248 , 0.163735
0.907 , 0.231773 , 0.163635
0.908 , 0.231364 , 0.163534
0.909 , 0.231019 , 0.163432
0.91 , 0.23073 , 0.163331
0.911 , 0.230483 , 0.163229
0.912 , 0.230261 , 0.163126
0.913 , 0.230046 , 0.163024
0.914 , 0.229822 , 0.162922
0.915 , 0.229581 , 0.162819
0.916 , 0.229318 , 0.162717
0.917 , 0.229037 , 0.162614
0.918 , 0.228748 , 0.162511
0.919 , 0.228462 , 0.162409
0.92 , 0.228195 , 0.162306
0.921 , 0.22796 , 0.162203
0.922 , 0.227763 , 0.162101
0.923 , 0.227609 , 0.161998
0.924 , 0.227491 , 0.161896
0.925 , 0.227398 , 0.161795
0.926 , 0.227311 , 0.161693
0.927 , 0.227209 , 0.161592
0.928 , 0.227071 , 0.161491
0.929 , 0.226878 , 0.16139
0.93 , 0.226615 , 0.16129
0.931 , 0.226279 , 0.161188
0.932 , 0.225871 , 0.161087
0.933 , 0.225404 , 0.160985
0.934 , 0.224895 , 0.160883
0.935 , 0.224369 , 0.16078
0.936 , 0.223849 , 0.160676
0.937 , 0.223357 , 0.160572
0.938 , 0.222912 , 0.160467
0.939 , 0.222523 , 0.160362
0.94 , 0.222194 , 0.160256
0.941 , 0.221918 , 0.16015
0.942 , 0.221684 , 0.160044
0.943 , 0.221475 , 0.159939
0.944 , 0.221274 , 0.159833
0.945 , 0.221064 , 0.159727
0.946 , 0.220834 , 0.159622
0.947 , 0.220576 , 0.159516
0.948 , 0.220292 , 0.159411
0.949 , 0.219987 , 0.159306
0.95 , 0.219674 , 0.159201
0.951 , 0.219368 , 0.159096
0.952 , 0.219084 , 0.158991
0.953 , 0.218833 , 0.158887
0.954 , 0.218623 , 0.158782
0.955 , 0.218455 , 0.158678
0.956 , 0.218323 , 0.158575
0.957 , 0.218212 , 0.158472
0.958 , 0.218106 , 0.158369
0.959 , 0.217984 , 0.158267
0.96 , 0.217828 , 0.158165
0.961 , 0.217621 , 0.158063
0.962 , 0.217355 , 0.157961
0.963 , 0.217026 , 0.15786
0.964 , 0.216641 , 0.157758
0.965 , 0.216213 , 0.157656
0.966 , 0.21576 , 0.157553
0.967 , 0.215305 , 0.15745
0.968 , 0.214867 , 0.157347
0.969 , 0.214464 , 0.157243
0.97 , 0.214109 , 0.157139
0.971 , 0.213806 , 0.157034
0.972 , 0.213552 , 0.15693
0.973 , 0.213338 , 0.156825
0.974 , 0.213148 , 0.15672
0.975 , 0.212966 , 0.156615
0.976 , 0.212775 , 0.156511
0.977 , 0.21256 , 0.156406
0.978 , 0.212312 , 0.156301
0.979 , 0.212029 , 0.156196
0.98 , 0.211716 , 0.15609
0.981 , 0.211382 , 0.155985
0.982 , 0.211042 , 0.155879
0.983 , 0.210712 , 0.155773
0.984 , 0.210408 , 0.155667
0.985 , 0.210141 , 0.15556
0.986 , 0.209917 , 0.155454
0.987 , 0.209735 , 0.155347
0.988 , 0.209588 , 0.155241
0.989 , 0.209461 , 0.155134
0.99 , 0.209339 , 0.155028
0.991 , 0.209202 , 0.154922
0.992 , 0.209034 , 0.154816
0.993 , 0.208822 , 0.15471
0.994 , 0.20856 , 0.154604
0.995 , 0.208248 , 0.154498
0.996 , 0.207894 , 0.154392
0.997 , 0.207512 , 0.154286
0.998 , 0.20712 , 0.154179
0.999 , 0.206737 , 0.154072
1 , 0.206379 , 0.153965
